0 0 0 0 0.048049903125 0.019371546875 0.048049903125 0.0387085640625 0.09456153125 0.077382596875 0.09456153125 0.09948204375 0.144949128125 0.135393646875 0.141073159375 0.160255525 0.19533672500000002 0.193404696875 0.19146075625 0.22102900625 0.24184835312500003 0.248653315625 0.23797238437499998 0.2804212703125 0.290297965625 0.2887085640625 0.4530886625 0.32738259687500004 0.503476259375 0.38401243125 0.5015382749999999 0.43097375624999995 0.4705305234375 0.5069406078124999 0.3484375 0.553901934375 0.1778948640625 0.551139503125 0.096499515625 0.5221339781250001 0.040297965625 0.466885359375 0.0247940890625 0.359150553125 0.0829336234375 0.33152624375 0.048049903125 0.303901934375 0.040297965625 0.2845649171875 0.001538275 0.27908321875 0 0 0
0 0.663841390625 0 0.6793337265625 0.0309846703125 0.6604658015625 0.054569575 0.6746167453125 0.0828714625 0.6604658015625 0.1111733484375 0.6746167453125 0.30928655625 0.6682647312500001 0.509375 0.8006043625 0.509375 0.7878242921874999 0.4838148578125 0.8019752359375 0.460229953125 0.7831073109375 0.431928065625 0.8019752359375 0.40362617968750003 0.7878242921874999 0.39419221718749997 0.7972582546875 0.29513561250000003 0.7831073109375 0.2715507078125 0.8019752359375 0.2479658015625 0.7831073109375 0.22438089687499999 0.8019752359375 0.205512971875 0.7878242921874999 0.186645046875 0.8019752359375 0.1347582546875 0.7831073109375 0.1111733484375 0.8019752359375 0.0828714625 0.7831073109375 0.054569575 0.8066922171875 0.0309846703125 0.784560309375 0 0.663841390625 0
0 0.54140625 0.61953125 0.02109375 0.03046875
0 0.48984375 0.96953125 0.028125 0.0328125
0 0.44453125 0.74140625 0.03203125 0.0234375
0 0.4515625 0.72265625 0.0203125 0.02265625
0 0.54453125 0.69453125 0.01875 0.028125
0 0.55859375 0.70546875 0.0234375 0.03828125
0 0.61015625 0.66953125 0.0171875 0.0296875
0 0.346875 0.7015625 0.02265625 0.0359375
0 1 0.6866849687500001 0.61875 0.6497898078125 0.61875 0.79594185625 1 0.8288082343750001 1 0.6866849687500001