0 0.6296875 0.3890625 0.6296875 0.1672076109375 0.6016079421875 0.156149490625 0.5515849796875 0.1735713703125 0.504063125 0.21422232343749997 0.561589609375 0.38069774375 0.5495808624999999 0.3890625 0.6296875 0.3890625
0 0.431587428125 0.3890625 0.30863039375 0.1456730765625 0.30863039375 0.139141871875 0.3367729828125 0.1209996375 0.3592870546875 0.09487481875 0.3667917453125 0.07310413593750001 0.364915571875 0.05713896875 0.347560975 0.036456821875 0.315666040625 0.0241201015625 0.262195121875 0.019765965625 0.21247654843750002 0.0255714796875 0.1533771109375 0.0429880265625 0.1214821765625 0.057501814062500003 0.0942776734375 0.0741926703125 0.07410881875 0.091246371875 0.0590994375 0.10938860624999999 0.0525328328125 0.12825653125 0.05347091875 0.1398675609375 0.0581613515625 0.15147859218749998 0.0703564734375 0.1638153125 0.0942776734375 0.1757891875 0.13086303906250002 0.1808690125 0.15994371406250002 0.1808690125 0.174015009375 0.17724056562499999 0.1801125703125 0.1790547890625 0.1969981234375 0.20808236562500002 0.2073170734375 0.234207184375 0.21388367656249999 0.241464078125 0.21575985000000003 0.25234941875 0.22983114375000002 0.27484579062500003 0.24015009375 0.3024219890625 0.2636022515625 0.3445119734375 0.2654784234375 0.354671625 0.2729831140625 0.362654209375 0.27392120000000003 0.37136248125 0.2839565125 0.3890625 0.431587428125 0.3890625
0 0.438907584375 1 0.4402269203125 0.9947104359375001 0.44538421875 0.979802178125 0.45299123281250003 0.9663274078124999 0.45892212499999996 0.964607225 0.46137184062500003 0.9603067656250002 0.4582774625 0.9534260328125 0.45673027343749995 0.9408113531249999 0.45299123281250003 0.933643921875 0.43623001562499997 0.9130017203125 0.43236204218749996 0.9112815359375 0.43120165000000005 0.9132884171875 0.4340381640625 0.931637040625 0.434296028125 0.9413847484375001 0.43274883906249995 0.945971903125 0.4283651359375 0.9769352062500001 0.422772059375 1 0.438907584375 1
0 0.6178635890625 1 0.6146725109375 0.9938503437499999 0.61132026875 0.9921301609375 0.6082258890625 0.985822821875 0.6046157812499999 0.98352924375 0.6025528625 0.9783686921874999 0.5986848890625 0.9777952984375 0.5968798343749999 0.9720613531249999 0.5914646718750001 0.9680475921875 0.5888860234375 0.9623136468750001 0.5865652390625 0.9617402515624999 0.5826972671874999 0.9565797015624999 0.5780556984375 0.957153096875 0.5749613203124999 0.9542861234375 0.5701908203125 0.9557196093750001 0.5701908203125 0.9614535546875 0.5745745234374999 0.9694810781250001 0.5761217125 0.9775086015625 0.5801186171875 0.9829558484375 0.5826972671874999 0.9909833718750001 0.5865652390625 0.9938503437499999 0.5887382109375 1 0.6178635890625 1
0 0.4912841671875 0.7779673171875 0.4954100046875 0.7601920874999999 0.501340896875 0.7252150234375 0.5001805046875 0.719767775 0.4961836 0.7160407109375 0.49347601875 0.7065797015624999 0.48445074843749997 0.71518061875 0.47671480156249996 0.7157540140625 0.45969571875000004 0.697405390625 0.45479628749999995 0.6951118125 0.45299123281250003 0.69052465625 0.44912325937500003 0.69052465625 0.444997421875 0.6842173171875 0.44061371875 0.683643921875 0.4367457453125 0.6796301609375 0.434167096875 0.6813503437499999 0.429525528125 0.679056765625 0.42372356875 0.6799168578125 0.42462609531249995 0.6893778671874999 0.43777720468750003 0.7111668578125 0.442418771875 0.7140338296875 0.44551315156250004 0.7203411703125 0.450412584375 0.7226347484375 0.45324909687500003 0.7283686921875001 0.45685920625 0.7283686921875001 0.46098504374999993 0.7352494265624999 0.4645951515625 0.735822821875 0.46717380156250005 0.740983371875 0.472073234375 0.7444237390625 0.47748839531250004 0.7518778671874999 0.4817431671875 0.7613388765625 0.48535327500000003 0.7796875 0.48870551874999996 0.7837012609375 0.4912841671875 0.7779673171875
0 0.6296875 0.7244359890625001 0.61673543125 0.6951118125 0.61415678125 0.6922448390625 0.6061629703125 0.6750430046875 0.600232078125 0.6664420874999999 0.59249613125 0.6607081421875 0.589401753125 0.6607081421875 0.5887570906249999 0.662141628125 0.5910778750000001 0.6707425453125 0.592109334375 0.681637040625 0.59571944375 0.688517775 0.597524496875 0.6971186921875001 0.600876740625 0.7028526375 0.6030685921875001 0.7105934640625 0.6070654984375 0.714893921875 0.6089994843750001 0.7232081421875 0.6126095921875 0.726648509375 0.6149303765624999 0.7346760328124999 0.618540484375 0.736396215625 0.6213769984375 0.745570528125 0.625889634375 0.751017775 0.628726146875 0.7659260328124999 0.6294997421875 0.7831278671874999 0.6296875 0.7834670875 0.6296875 0.7244359890625001
0 0.6296875 0.484539 0.629628675 0.4846760328125 0.6234399171875 0.4898365828125 0.5855337796875 0.486969609375 0.5747034546875 0.49385034375 0.5719958734375 0.4992975921875 0.574187725 0.505318234375 0.578571428125 0.5076118125 0.5821815375 0.51334575625 0.5865652390625 0.51334575625 0.5904332125 0.5179329125 0.5945590515625 0.5156393343750001 0.59791129375 0.520226490625 0.600232078125 0.520226490625 0.6028107265625 0.51735951875 0.6066787 0.521946675 0.611062403125 0.5185063078125001 0.6146725109375 0.5230934640625 0.6187983499999999 0.520226490625 0.6229241875 0.5230934640625 0.62756575625 0.520226490625 0.6296875 0.522585471875 0.6296875 0.484539
0 0.9579154546875 0.3890625 0.9590557796875 0.45935707499999995 0.9617439515624999 0.4717853734375 0.9655073921875001 0.46891730468750004 0.9671202953125 0.457445028125 0.9663020828125 0.3890625 0.9579154546875 0.3890625
0 0.9103656734375001 0.3890625 0.9181955640625 0.4660492359375 0.9214213703125 0.47943355624999995 0.924647178125 0.4832576484375 0.926797715625 0.463181165625 0.919416565625 0.3890625 0.9103656734375001 0.3890625
0 0.88486223125 0.49472992343750005 0.885399865625 0.4880377625 0.881636425 0.48134560156250006 0.8808299734375 0.47321940781249994 0.875722446875 0.4784775328125 0.8778729843749999 0.492817878125 0.8805611562500001 0.4975979921875 0.88486223125 0.49472992343750005
0 0.8592858140625002 0.3890625 0.8595934140624999 0.3895674 0.8633568546875001 0.4019956984375 0.8708837359375 0.4478848 0.8724966390625 0.4727413953125 0.873571909375 0.4641371890625 0.8759912640625 0.46174713125 0.8792170703125001 0.46174713125 0.8810987906250001 0.46891730468750004 0.8810987906250001 0.457445028125 0.8698084671874999 0.40390774374999994 0.8695944046875 0.3890625 0.8592858140625002 0.3890625
0 0.7698084671875 0.55495936875 0.7649697578125 0.5033341296875 0.7692708328125 0.498554015625 0.7703461015624999 0.492817878125 0.765776209375 0.48947179687500003 0.7544858875 0.492339865625 0.74346438125 0.5071582218749999 0.751797715625 0.5076362328125 0.7547547046874999 0.5119383359375 0.7644321234375 0.5587834609375 0.7671202953125 0.5616515296875 0.7698084671875 0.55495936875
0 0.8267977156249999 0.5281907265625 0.82410954375 0.5071582218749999 0.8015288984375 0.43450047812500003 0.8020665328125001 0.4134679734375 0.799647178125 0.4120339390625 0.7878192203125 0.42159416875 0.783249328125 0.4278083171875 0.7837869625 0.43258843281250003 0.7940020156250001 0.443104684375 0.8165826609375 0.5138503828125 0.82410954375 0.5310587953125 0.8267977156249999 0.5281907265625