0 0 0 0 0.272439946875 0.13107088125 0.4 0.5159757328125 0.4 0.1469480140625 0.024138434375 0.11518691562500001 0 0 0
0 0.9185882515625 0.4 0.916644021875 0.3909181578125 0.91610054375 0.3715757984375 0.9101222828125 0.3502992015625 0.918817934375 0.3348253140625 0.9095788046875001 0.3232198984375 0.9063179343750001 0.3067788921875 0.9041440218750001 0.2748639984375 0.8970788046875 0.253587403125 0.9008831515625 0.23231080781250002 0.89735054375 0.22699165937500002 0.8889266296875 0.2245738640625 0.8845788046875 0.2120013296875 0.8856657609375 0.19556032343750002 0.8685461953125 0.1796028765625 0.8655570656249999 0.17428372812499998 0.8636548906249999 0.1592934 0.8516983703125 0.1476879828125 0.8435461953125 0.1447866296875 0.8372961953125 0.1530071328125 0.8334918484375 0.16751390156249998 0.8400135875 0.175250846875 0.84327445625 0.1887904984375 0.8438179343750001 0.1965274421875 0.8394701093750001 0.2120013296875 0.8492527171875001 0.21877115625000002 0.8519701093750001 0.230376571875 0.8492527171875001 0.24971893125000003 0.8516983703125 0.25600519843749997 0.8603940218750001 0.257939434375 0.8633831515624999 0.270028409375 0.8617527171875 0.293239240625 0.8693614125 0.30484465625 0.8655570656249999 0.3222527796875 0.8669157609375 0.32757192968750004 0.8742527171875001 0.3348253140625 0.8709918484375001 0.3638388546875 0.8764266296875001 0.3831812140625 0.8748513921875001 0.4 0.9185882515625 0.4
0 0.215943653125 1 0.1305706515625 0.8930730171875 0.1330163046875 0.8751813343750001 0.1305706515625 0.8659937140625 0.12350543437499999 0.86019100625 0.1158967390625 0.8611581234374999 0.109918478125 0.855355415625 0.10665760937499999 0.856322534375 0.0976902171875 0.87227998125 0.0949728265625 0.8858196328125001 0.100407609375 0.8974250484375 0.10394021718749999 0.9153167312499999 0.1131793484375 0.9230536749999999 0.1169836953125 0.9220865578125 0.12296195624999999 0.9133824953125 0.1273097828125 0.9153167312499999 0.1943219 1 0.215943653125 1
0 0.14932065156250002 0.7958776593750001 0.1555706515625 0.8021639265625 0.16100543437499998 0.8011968078125001 0.1762228265625 0.81957205 0.2425271734375 0.9443302703124999 0.2501358703125 0.95400145 0.254755434375 0.9535178921874999 0.25801630468750003 0.9506165375 0.2585597828125 0.9370768859374999 0.17703804375 0.783305125 0.17703804375 0.7765353 0.18084239062500002 0.7687983562499999 0.178125 0.75332446875 0.1762228265625 0.7499395546875001 0.1680706515625 0.751873790625 0.1642663046875 0.745103965625 0.1544836953125 0.7470382015625 0.143342390625 0.7697654734375 0.14932065156250002 0.7958776593750001
0 0.21508152187500001 0.6865933265624999 0.2118206515625 0.69626450625 0.2123641296875 0.7011000968750001 0.221331521875 0.7102877171875 0.2256793484375 0.705452128125 0.23790760937500002 0.7281793999999999 0.2862771734375 0.8664772734374999 0.2947010875 0.8834018374999999 0.303668478125 0.8935565765625 0.30421195624999997 0.8848525140625 0.2966032609375 0.8490691484374999 0.2591032609375 0.747521759375 0.243342390625 0.697231625 0.2427989125 0.6885275625 0.2476902171875 0.6817577375 0.2471467390625 0.66531673125 0.2403532609375 0.66193181875 0.23165760937500002 0.6512935203125 0.219157609375 0.6590304640625 0.21399456562500002 0.6701523203124999 0.21508152187500001 0.6865933265624999
0 0.3101902171875 0.6305004828125 0.2990489125 0.6309840421875 0.29171195625 0.638237428125 0.29171195625 0.645007253125 0.3009510875 0.6633824953125 0.3259510875 0.7784695359375 0.3324728265625 0.78427224375 0.3335597828125 0.7668641203125001 0.3085597828125 0.652744196875 0.3101902171875 0.6305004828125
0 0.3721467390625 0.724310928125 0.3748641296875 0.7378505796875 0.378125 0.740751934375 0.3802989125 0.7368834625 0.38084239062499997 0.716573984375 0.375407609375 0.628566246875 0.3759510875 0.6188950671875 0.38084239062499997 0.6092238875 0.3767663046875 0.60487185625 0.36807065156249996 0.6039047390625 0.361005434375 0.6087403281249999 0.3585597828125 0.6159937140625 0.3637228265625 0.6193786265625001 0.366168478125 0.629533365625 0.3721467390625 0.724310928125
0 0.4384510875 0.6188950671875 0.44171195625 0.6082567703125 0.43926630468749994 0.6039047390625 0.4311141296875 0.6029376203125001 0.42703804375 0.6072896515625 0.42975543437499997 0.628566246875 0.42921195624999997 0.7233438109375 0.42975543437499997 0.7281793999999999 0.43410326093749996 0.732047871875 0.43682065156250005 0.72044245625 0.4384510875 0.6188950671875
0 0.46997282656249995 0.739784815625 0.47160326093749994 0.7436532875 0.4748641296875 0.740751934375 0.478125 0.7272122828125 0.48736412968750004 0.6353360734375 0.4884510875 0.6275991296875001 0.49279891249999996 0.6198621859375001 0.49279891249999996 0.6159937140625 0.4876358703125 0.609707446875 0.4789402171875 0.609707446875 0.47649456562500003 0.6150265953125 0.47921195625 0.6237306578125 0.46997282656249995 0.7194753390624999 0.46997282656249995 0.739784815625
0 0.51671195625 0.76009429375 0.5243206515625001 0.7368834625 0.526494565625 0.708837040625 0.5368206515625 0.6508099609375 0.5444293484375 0.638237428125 0.5419836953125 0.6309840421875 0.5365489125 0.626148453125 0.5300271734375 0.6251813343749999 0.527581521875 0.628566246875 0.527581521875 0.6546784328124999 0.5112771734375 0.7465546421875 0.5118206515625 0.757192940625 0.51671195625 0.76009429375
0 1 0.4 0.56875 0.4 0.56875 0.6489583328125 0.5721731875 0.6541127875 0.6103411265625 0.6368714078125001 0.6408754765625 0.67710129375 0.671409828125 0.6541127875 0.7286617359375 0.67710129375 0.7515625 0.6541127875 0.7820968515625 0.6828484203125 0.820264790625 0.6541127875 0.8469823468750001 0.6828484203125 0.8813334921875 0.6426185343749999 0.90423425625 0.6656070406250001 0.9614861640625 0.6541127875 0.999654103125 0.90698635 1 0.9071165578125001 1 0.4