0 0.28984375 0.4953125 0.03203125 0.040625
0 0.04765625 0.53671875 0.04375 0.059375
0 0.13671875 0.48984375 0.02890625 0.03984375
0 0.18515625 0.47265625 0.03046875 0.0421875
0 0.23671875 0.51796875 0.04921875 0.065625
0 0.1734375 0.61015625 0.046875 0.0515625
0 0.29375 0.65859375 0.05390625 0.065625
0 0.2421875 0.79609375 0.0328125 0.04375
0 0.3609375 0.7484375 0.03046875 0.040625
0 0.384375 0.76171875 0.0328125 0.04296875
0 0.32109375 0.87421875 0.03671875 0.0484375
0 0.34921875 0.95234375 0.040625 0.053125
0 0.16328125 0.95078125 0.05078125 0.06796875
0 1 0.409375 0.7451804125 0.409375 0.6936533500000001 0.4562177828125 0.6730347937500001 0.5077641749999999 0.6884987109375 0.5953930406250001 0.817364690625 0.6881765468750001 0.817364690625 1 0.9896113671875 1 0.9926224234374998 0.7139497421875 1 0.7078017609374999 1 0.409375