0 0.2793547125 0.559375 0.2794815109375 0.55779761875 0.274658359375 0.551130953125 0.2735865484375 0.5425595234375 0.275194265625 0.526369046875 0.28108922812500003 0.51875 0.280553321875 0.5120833328125001 0.2762660765625 0.5035119046875 0.2768019828125 0.48065476250000005 0.281625134375 0.4730357140625 0.2768019828125 0.45779761875 0.2773378890625 0.4358928578125 0.2821610390625 0.428273809375 0.27787379375 0.4139880953125 0.27787379375 0.39779761874999997 0.2826969453125 0.38732142812500003 0.287520096875 0.3616071421875 0.3186026265625 0.30732142812499996 0.3186026265625 0.29874999999999996 0.31351152187500003 0.28779761875 0.301721596875 0.280178571875 0.2733185953125 0.276369046875 0.228838425 0.279226190625 0.213297159375 0.28970238125000003 0.20820605625000002 0.3044642859375 0.210349678125 0.3158928578125 0.23232181093749998 0.3549404765625 0.246255359375 0.42732142812499996 0.23660905625 0.4435119046875 0.2371449625 0.45208333281249996 0.245719453125 0.4654166671875 0.2451835484375 0.47398809531249997 0.2350013390625 0.489226190625 0.23553724531250003 0.4968452375 0.2419681140625 0.510178571875 0.2408963015625 0.5206547625 0.233929528125 0.5330357140624999 0.2350013390625 0.5416071421875001 0.2419681140625 0.5558928578125 0.2417504015625 0.559375 0.2793547125 0.559375
0 0.2252730578125 0.8614319078125 0.21526092187499998 0.861568296875 0.20615898124999998 0.8588405281250001 0.2034283984375 0.859795246875 0.17672936875 0.8797079578125 0.17490898125 0.8840723875000001 0.16884101875 0.88843681875 0.17096480625 0.8918465296875 0.19523664999999998 0.8926648593750001 0.2043385921875 0.8902098671875001 0.21586771875 0.890755421875 0.24378033906250002 0.8962109593750001 0.28018810625 0.9046670421874999 0.285042475 0.9068492562499999 0.3196298546875 0.9139414546874999 0.348149271875 0.9172147781250001 0.359375 0.917351165625 0.364836165625 0.91598728125 0.3654429609375 0.9143506203125 0.35452063125 0.909986190625 0.351183253125 0.905485371875 0.34086771875 0.9038487109375 0.33479975781250004 0.9005753890625 0.3014259703125 0.8910281984375 0.2698725734375 0.8839359999999999 0.2443871359375 0.8795715703125 0.233768203125 0.8731613140625001 0.2307342234375 0.8666146687499999 0.2252730578125 0.8614319078125
0 0 0.682483228125 0.0138046109375 0.6779894640624999 0.0247269421875 0.6760800265625 0.05081917500000001 0.6771711328125 0.061741504687500004 0.6790805718749999 0.08297936875 0.6798989015625 0.09086771875 0.6812627859375 0.10057645625 0.6809900093750001 0.11028519375000001 0.682899446875 0.11817354375 0.6818083406250001 0.128489078125 0.6831722250000001 0.138197815625 0.6818083406250001 0.1497269421875 0.6820811171875001 0.1661104375 0.68044445625 0.16884101875 0.6789441828125 0.140625 0.670078934375 0.12788228125 0.66953338125 0.1199939328125 0.6668056124999999 0.1090716015625 0.667351165625 0.10118325312500001 0.665441728125 0.0890473296875 0.6657145046874999 0.0817657765625 0.6638050671875 0.07023665 0.6646233968749999 0.062955096875 0.6624411828125 0.0514259703125 0.662713959375 0.043537621875 0.66053174375 0.0344356796875 0.6610772984375 0.022906553125 0.659167859375 0.0153216015625 0.65684925625 0.010163834375 0.65316676875 0 0.651643765625 0 0.682483228125
0 0.559375 0.8235704796875 0.5584041265625 0.8226975921874999 0.543537621875 0.8154690062500001 0.5344356796875 0.8132867906250001 0.5271541265625 0.8097406921875001 0.51077063125 0.8048307078124999 0.500455096875 0.8037396000000001 0.490746359375 0.8004662781249999 0.481037621875 0.799647946875 0.472542475 0.7969201781249999 0.4616201453125 0.7961018484375 0.453125 0.792828525 0.442809465625 0.7933740796875 0.4288531546875 0.7887368718750001 0.42551577656250006 0.7866910468749999 0.42005461093749996 0.7774166328125001 0.410042475 0.7748252515624999 0.40518810624999996 0.7710063765624999 0.3957827671875 0.7738705328125001 0.3933555828125 0.7765983015625 0.382433253125 0.7815082859375 0.3702973296875 0.7943287984375 0.366656553125 0.8019665500000001 0.367566746875 0.8042851546875 0.3772754859375 0.8061945921875001 0.3869842234375 0.8064673687500001 0.40458131093749994 0.8034668234375001 0.41975121406250004 0.8034668234375001 0.4343143203125 0.8072856999999999 0.4434162625 0.8083768078125001 0.452518203125 0.811377353125 0.4622269421875 0.8119229062500001 0.46890169843749996 0.8149234515625 0.495600728125 0.81928788125 0.50288228125 0.8217428734375 0.515625 0.82283398125 0.5198725734375 0.82474341875 0.5392900484375 0.8244706421875 0.55172936875 0.8256981390625 0.558100728125 0.8252889734375 0.559375 0.8247161421874999 0.559375 0.8235704796875
0 0.559375 0.5801444 0.5584041265625 0.578835071875 0.548391990625 0.5773348 0.52351335 0.581426453125 0.50106189375 0.5866092125 0.487712378125 0.590700865625 0.48255461093749996 0.5935650234375001 0.488319175 0.5967019578125 0.4940837375 0.5976566765625 0.49438713593749994 0.6018847171874999 0.5059162625 0.6027030484375 0.5207827671875 0.6058399828125001 0.5329186890625001 0.6159327265625001 0.5359526703124999 0.621661040625 0.5408070390625 0.6232977015625 0.5432342234374999 0.6295715703125 0.5486953890625 0.6317537843750001 0.549302184375 0.6363909921875 0.5577973296875001 0.6410281984374999 0.5577973296875001 0.644574296875 0.559375 0.6454354921875 0.559375 0.6083495296875 0.557190534375 0.6063855359375 0.559010921875 0.597111121875 0.559375 0.5967487171875 0.559375 0.5869935796875 0.5574939328124999 0.5866092125 0.5553701453125 0.585108940625 0.559375 0.5807367171875 0.559375 0.5801444
0 0.336316746875 0.59465613125 0.3338895625 0.5894733703125 0.3269114078125 0.5860636593749999 0.3014259703125 0.5778803531250001 0.2820084953125 0.573243146875 0.27229975781250004 0.5721520390625 0.26653519375 0.5731067578125 0.2653216015625 0.5766528578125001 0.269569175 0.5840178328125 0.26653519375 0.595201684375 0.2598604375 0.598747784375 0.2562196609375 0.6031122140625 0.2483313109375 0.606112759375 0.2477245140625 0.610749965625 0.2380157765625 0.6142960656249999 0.2361953890625 0.618933271875 0.22952063125 0.6213882640625 0.2258798546875 0.627116578125 0.2204186890625 0.6290260156249999 0.21617111718749998 0.634481553125 0.21192354375 0.6361182140625 0.2101031546875 0.6432104125 0.20524878593749998 0.64757484375 0.20524878593749998 0.6538487109375 0.2155643203125 0.6552125953125 0.24469053437500002 0.643483190625 0.25864684531250004 0.635299884375 0.2610740296875 0.6320265609375 0.268962378125 0.6290260156249999 0.271996359375 0.6252071406249999 0.2792779125 0.621661040625 0.2835254859375 0.6175693875 0.29899878593749996 0.608976915625 0.3172026703125 0.6027030484375 0.3372269421875 0.60024805625 0.344205096875 0.597929453125 0.336316746875 0.59465613125
0 0.0801199859375 0.559375 0.0851031546875 0.57201565 0.08995752500000001 0.5791078484375001 0.09663228125 0.5834722796875 0.099059465625 0.5889278171875001 0.088440534375 0.5904280890625 0.07721480625 0.5954744609375 0.074787621875 0.598747784375 0.076608009375 0.6020211062499999 0.0817657765625 0.6046124859375 0.09875606718749999 0.60924969375 0.10391383437499999 0.60938608125 0.12606189375000001 0.607885809375 0.157615290625 0.60379415625 0.1673240296875 0.6021574953125001 0.16762742656250001 0.5992933375 0.16489684531249998 0.5975202875 0.15913228125 0.59656556875 0.15609830156249999 0.5922011390625 0.150940534375 0.5890642046875 0.13182645625 0.5840178328125 0.11999515937500001 0.559375 0.0801199859375 0.559375
0 0.588047496875 0.7028087046875 0.5908916375000001 0.7169787453125 0.5943046078124999 0.7200151828125 0.5965799203125 0.7159665984375 0.5971487484375 0.6947115390625 0.5914604671875 0.6026062750000001 0.5920292953125 0.5924848171875 0.5971487484375 0.5823633609375001 0.5928825375 0.5778087046875 0.5837812859375 0.576796559375 0.57638651875 0.5818572875 0.5738267921875 0.58944838125 0.5792306593750001 0.592990890625 0.5817903875 0.6036184203125 0.588047496875 0.7028087046875
0 0.6574445390625 0.5924848171875 0.6608575078125 0.5813512140625 0.65829778125 0.576796559375 0.6497653578125 0.5757844125 0.645499146875 0.5803390687500001 0.6483432875 0.6026062750000001 0.647774459375 0.7017965593750001 0.6483432875 0.7068572875 0.6528939140625 0.7109058703125 0.6557380546875 0.698760121875 0.6574445390625 0.5924848171875
0 0.690436575 0.7190030359375 0.6921430609375 0.72305161875 0.6955560296875001 0.7200151828125 0.6989689984374999 0.7058451421875 0.7086390781249999 0.6096912953125 0.709776734375 0.6015941296875 0.7143273609375 0.5934969640625 0.7143273609375 0.58944838125 0.7089234921875 0.5828694328124999 0.699822240625 0.5828694328124999 0.6972625140625001 0.588436234375 0.7001066546875 0.5975455468749999 0.690436575 0.6977479750000001 0.690436575 0.7190030359375
0 0.7393558015625 0.740258096875 0.7473193968749999 0.7159665984375 0.749594709375 0.686614371875 0.7604024453125 0.625885628125 0.768366040625 0.6127277328125 0.7658063140625 0.6051366390624999 0.76011803125 0.6000759109375 0.7532920937500001 0.599063765625 0.750732365625 0.6026062750000001 0.750732365625 0.6299342109375 0.7336675203125 0.72608805625 0.7342363484375001 0.7372216593750001 0.7393558015625 0.740258096875
0 0.8724616046874999 0.7554402828125 0.883269340625 0.749367409375 0.876727815625 0.7377277328125 0.8647824234374999 0.7306427125 0.8553967578125 0.7341852234374999 0.8610850390625 0.7483552625 0.8559655859374999 0.7979504046875 0.8559655859374999 0.8040232796875 0.8588097265625001 0.8080718625 0.86392918125 0.796938259375 0.8724616046874999 0.7554402828125
0 0.8292306593750001 0.68459008125 0.8352033562500001 0.6739625499999999 0.8411760515625 0.670420040625 0.84174488125 0.664347165625 0.8363410124999999 0.65776821875 0.8249644484375 0.64865890625 0.821267065625 0.651189271875 0.822404721875 0.67244433125 0.7985139359375 0.749367409375 0.7956697953124999 0.7726467609375 0.7985139359375 0.7746710531250001 0.8292306593750001 0.68459008125