0 0.66875 0.21222707812500002 0.1997421109375 0.412621359375 0.0783828890625 0.3689320390625 0 0.3854336984375 0 0.609375 0.421595621875 0.609375 0.66875 0.49745603593750004 0.66875 0.21222707812500002
0 1 0.1890639609375 0.99792763125 0.180223925 0.9992434203125 0.173208021875 0.9989802624999999 0.16525666562500002 0.9972697374999999 0.1640873484375 0.9935855265625 0.1678291625 0.9927960531250001 0.166893709375 0.9839802625 0.1451444109375 0.985296053125 0.1371930546875 0.9841118421875 0.1341528296875 0.9806907890625001 0.13274964843749998 0.9775328953125 0.13462055625 0.9750328953124999 0.12830624375 0.9676644734375 0.1166130734375 0.96792763125 0.10866171718749999 0.9659539468749999 0.1046860390625 0.9617434203125 0.10562149218750001 0.95832236875 0.0976701359375 0.951875 0.08948491562500001 0.9480592109374999 0.0803642421875 0.9425328953125 0.07615469999999999 0.9385855265625 0.069606525 0.9338486843750001 0.0653969828125 0.933453946875 0.07451765625 0.936875 0.086210828125 0.9402960531250001 0.11100035156250002 0.9416118421874999 0.116145346875 0.9445065796875 0.12082261406249999 0.9474013156249999 0.1348544203125 0.94582236875 0.14701531875 0.9460855265625 0.15449894687500001 0.947796053125 0.1584746265625 0.9522697375 0.1612809875 0.95582236875 0.167127571875 0.9595065796875 0.1792884703125 0.9581907890625001 0.1863043734375 0.960296053125 0.1951911828125 0.9620065796875 0.19776368125 0.9656907890624999 0.1991668609375 0.971875 0.20735208125 0.9700328953125 0.22839978906249997 0.9738486843749999 0.23237546718750002 0.9804276312500001 0.23377864843750001 0.9855592109375 0.24196386875 0.983453946875 0.2559956734375 0.9850328953125 0.2653502109375 0.9935855265625 0.2679227078125 0.9980592109374999 0.2716645234375 0.9997697375 0.2775111078125 0.9981907890624999 0.28499473750000004 0.9997697375 0.29809108906250004 1 0.2983744234375 1 0.1890639609375
0 0.1732268265625 0.7683394390625 0.2018785109375 0.7769296359375 0.2215414328125 0.7809720812500001 0.239799859375 0.782614325 0.2431706453125 0.782361671875 0.2403616578125 0.7783192265625 0.22940660156249998 0.773392496875 0.166485253125 0.7549488375 0.1544066015625 0.7487588421875 0.148507725 0.743579459375 0.1386762640625 0.747242925 0.13193469062500002 0.7545698578125 0.123507725 0.759117609375 0.12210322968750001 0.7627810765625 0.149069521875 0.7627810765625 0.1732268265625 0.7683394390625
0 0.3291257015625 0.73663150625 0.33305828593750003 0.762402096875 0.3364290734375 0.770739640625 0.34232795 0.775919025 0.3510358140625 0.7760453515625001 0.3549683984375 0.7639180140625 0.3527212078125 0.7376421171875001 0.3549683984375 0.72677804375 0.36058637656250003 0.7227355984375 0.360024578125 0.72121968125 0.3558110953125 0.7195774375 0.3417661515625 0.7195774375 0.32884480312500003 0.7218513140625 0.3159234546875 0.7215986609375 0.3128335671875 0.7229882515625 0.321260534375 0.727536003125 0.3291257015625 0.73663150625
0 0 0.6405003312499999 0.05300210625 0.6362019953125 0.06255266875 0.632917509375 0.0715414328125 0.631906896875 0.07126053437499999 0.6300120015624999 0.06873244375000001 0.6288750624999999 0.0614290734375 0.6283697578125 0.042889746875 0.6283697578125 0 0.63257815 0 0.6405003312499999
0 0.3597436796875 0.6397391359375 0.3546875 0.6392338296875 0.350754915625 0.6374652609375 0.34204705 0.6375915859375 0.34204705 0.6446658671875001 0.3504740171875 0.6530034109375 0.360305478125 0.65818279375 0.36957514062499996 0.6585617734375 0.37800210624999997 0.6552772859375 0.3824964890625 0.6519928 0.383620084375 0.6471923953125 0.3869908703125 0.6446658671875001 0.413114465625 0.638475871875 0.43053019687500005 0.632917509375 0.44991221875000004 0.6236956796875 0.45131671406249996 0.6197795609375001 0.42491221875 0.6223060890625 0.38614817343749996 0.632412203125 0.3659234546875 0.638981178125 0.3597436796875 0.6397391359375
0 0.66875 0.609375 0.6610217703125 0.609375 0.660867275 0.60942079375 0.6541257015624999 0.6127052796875 0.6417661515625 0.615231809375 0.628844803125 0.612199975 0.622665028125 0.612199975 0.61732795 0.6156107875 0.6167661515625 0.6199058875000001 0.6190133421875 0.6236956796875 0.624069521875 0.628496084375 0.6302492984375 0.63152791875 0.6420470500000001 0.6343071 0.652159409375 0.631275265625 0.6566537921875 0.625211596875 0.664799859375 0.620284865625 0.66875 0.6192607859375 0.66875 0.609375
0 0.24702371093750003 0.609375 0.2515976125 0.616368746875 0.24850772499999998 0.618516296875 0.23727177031250002 0.62053751875 0.23362008437499998 0.6239483328125 0.2364290734375 0.627738125 0.244575140625 0.6308962859375 0.2518785109375 0.631906896875 0.2639571625 0.6317805703125 0.2799683984375 0.6293803687499999 0.28418188125 0.627738125 0.28699087031250003 0.6231903734375 0.27463132031250004 0.615863440625 0.273794934375 0.609375 0.24702371093750003 0.609375
0 0.66875 0.9580300749999999 0.6691889046874999 0.9580864703125 0.6776158703124999 0.95682320625 0.6882900281250001 0.9573285125 0.7012113765625 0.9613709578125 0.7107619374999999 0.962886875 0.7394136234375 0.971729725 0.7573911515625 0.9757721703125 0.7762113765625 0.9774144140625 0.779020365625 0.976403803125 0.777334971875 0.9748878859375001 0.7596383421875 0.9659187093749999 0.714132725 0.953286065625 0.703739465625 0.948864640625 0.6877282296875 0.9383795484374999 0.6745259828125 0.9445695421875 0.6705933984375 0.949875253125 0.66875 0.9509480984375 0.66875 0.9580300749999999
0 0.8543012640625 0.9248626203124999 0.8610428375 0.9329475109375001 0.8638518265625 0.9569495328125001 0.867784409375 0.9683189109375 0.8722787921874999 0.9736246203124999 0.8745259828125 0.9736246203124999 0.8818293546875001 0.9713507453125001 0.8863237359374999 0.9614972843749999 0.886885534375 0.9438115843749999 0.8840765453125 0.9359793453125 0.8874473312500001 0.932189553125 0.8880091296874999 0.9243573140624999 0.89362710625 0.920820175 0.8905372187499999 0.9179146671874999 0.8837956453124999 0.9174093609374999 0.8534585671875 0.9186726249999999 0.8458742984375001 0.920567521875 0.8543012640625 0.9248626203124999
0 0.8809866578125 0.8383290171875 0.8762113765624999 0.841234525 0.8767731734374999 0.8455296234375 0.8902563203125 0.8561410437500001 0.8989641859375 0.8595518562500001 0.9014922750000001 0.85942553125 0.90795295 0.8587938984375001 0.9160990171875 0.8541198203124999 0.9225596906250001 0.8454032968749999 0.94390800625 0.8408555453125001 0.9675035109374999 0.833781265625 0.9846383421875 0.8258227015624999 0.983514746875 0.8232961718749999 0.9776158703125001 0.822664540625 0.9607619375 0.8241804578125 0.942784409375 0.8282229031250001 0.9000877812500001 0.8406028921875001 0.8809866578125 0.8383290171875
0 0.7919417140625 0.8177378093750001 0.7778967703124999 0.8220329078124999 0.77508778125 0.82632800625 0.7854810390625 0.8312547374999999 0.8048630625 0.832391675 0.8118855343749999 0.8320126953125 0.8225596906250001 0.8297388203124999 0.8273349718749999 0.8255700484374999 0.8172226125 0.8177378093750001 0.8138518265625001 0.7937357875 0.8110428375 0.788430078125 0.8017731734375 0.7802188609374999 0.793065309375 0.785145590625 0.789132725 0.7932304828125 0.789132725 0.8106635296875 0.7919417140625 0.8136953640625 0.7919417140625 0.8177378093750001