0 0.1671875 0.194733796875 0.1651041671875 0.23547453749999997 0.16875 0.2595486109375 0.1809895828125 0.29241898125 0.1981770828125 0.3090856484375 0.21979166718749998 0.3132523140625 0.2388020828125 0.3063078703125 0.24921875 0.295196759375 0.2567708328125 0.28084490781250004 0.26510416718749996 0.2586226859375 0.2692708328125 0.21695601875 0.2645833328125 0.1817708328125 0.25234375 0.151678240625 0.23463541718749997 0.1350115734375 0.2127604171875 0.13038194375 0.1940104171875 0.139641203125 0.1776041671875 0.16232638906250002 0.1671875 0.194733796875
0 0.8100537890625 0.3796875 0.8209821421875001 0.3337884140625 0.860849253125 0.2092036953125 0.8691549000000001 0.1477419015625 0.9081914453125 0.1452502078125 0.9206499171875 0.13611399531249999 0.9189887875 0.121163828125 0.9081914453125 0.107044228125 0.8151681890625 0.082127284375 0.795234634375 0.08544954375 0.7827761625 0.09956914375 0.795234634375 0.1203332640625 0.8226432718750001 0.134452865625 0.8043708468749999 0.1726588453125 0.7494448765625 0.3796875 0.8100537890625 0.3796875
0 0.509375 1 0.509375 0.9500779546875 0.0890105890625 0.8842088875 0.073229859375 0.8767338046875001 0.0624325171875 0.8543085546875 0.0375155734375 0.8576308140624999 0.023395971874999998 0.8867005812500001 0.0184125828125 0.93653446875 0.032532184375 0.9556374578125 0.05412686875 0.9523151999999999 0.0624325171875 0.9357039031250001 0.0890105890625 0.9373650328124998 0.453432215625 1 0.509375 1
0 0.509375 0.760392584375 0.3581135796875 0.68653446875 0.33568833124999997 0.6857039031250001 0.3215687296875 0.7297238375 0.509375 0.822455275 0.509375 0.760392584375
0 0 0.77255675625 0.0034624171874999997 0.7471656984375 0.0150903234375 0.73886005 0.0250571015625 0.698992940625 0.0341933140625 0.68653446875 0.0765521171875 0.66410921875 0.0748909890625 0.6541424421875 0.060771387499999996 0.6433451 0.01758201875 0.625072675 0 0.620852990625 0 0.77255675625
0 0.509375 0.8431129859375 0.47937603749999996 0.855969684375 0.452797965625 0.844341778125 0.439508928125 0.8460029062500001 0.4295421515625 0.834375 0.41791424375 0.8393583890624999 0.4046252078125 0.8277304812499999 0.3880139125 0.8293916109375001 0.37970826406249997 0.8194248343750001 0.371402615625 0.824408221875 0.35645245000000003 0.812780315625 0.3431634140625 0.816102575 0.3331966359375 0.8044746671875 0.31990759999999996 0.8077969265625 0.3082796921875 0.79783015 0.29499065625 0.8028135375 0.2866850078125 0.7928467609375 0.27505710156249996 0.7994912796875 0.25678467656250004 0.794507890625 0.2260537796875 0.8003218437499999 0.22688434375000002 0.8077969265625 0.2833627484375 0.8476640359375001 0.2900072671875 0.844341778125 0.32987437656249996 0.8642753328125 0.338180025 0.8609530734374999 0.3763860046875 0.8792254984374999 0.3880139125 0.8775643687500001 0.41791424375 0.8875311468749999 0.42455876249999996 0.89583679375 0.434525540625 0.892514534375 0.471070390625 0.9074647015625 0.486851121875 0.944840115625 0.5001401578125 0.9465012453125 0.509375 0.92372196875 0.509375 0.8431129859375
0 0.1488112546875 0.6666009140625 0.1155886625 0.6616175249999999 0.11143583906250001 0.6724148671875 0.1180803578125 0.6890261625 0.0964856734375 0.7488268265625 0.118910921875 0.7646075578125 0.1429973 0.767099253125 0.1562863375 0.723909884375 0.1928311875 0.69567068125 0.1488112546875 0.6666009140625
0 0.44366175312499995 0.5777304812499999 0.37970826406249997 0.5469995843750001 0.3639275328125 0.556135796875 0.3705720515625 0.584375 0.35396075625 0.642514534375 0.366419228125 0.6516507468749999 0.40213351406250003 0.655803571875 0.41376142031249996 0.639192275 0.41874480937499997 0.605969684375 0.44366175312499995 0.5777304812499999
0 0.8777627812500001 0.3796875 0.8766974671875 0.3892753328125 0.8883253734375 0.399242109375 0.8949698921875001 0.43412583125 0.908258928125 0.44741486718749995 0.9049366687500001 0.4590427734375 0.9165645765625001 0.4690095515625 0.9149034468749999 0.48229858750000004 0.9232090953124998 0.48894310625 0.9232090953124998 0.5022321421875 0.9364981312499999 0.5155211796875 0.939820390625 0.5420992531250001 0.9232090953124998 0.5836274921875 0.9414815203125 0.5886108796875 1 0.5676598187499999 1 0.5222663375 0.9846708890624999 0.51386005 0.9813486296875 0.49724875468749996 0.9663984640625 0.4806374578125 0.9597539453125 0.45073712656250003 0.9298536125 0.387614203125 0.931438953125 0.3796875 0.8777627812500001 0.3796875
0 0.6823453078125 0.5886108796875 0.6781924828125 0.5778135375 0.67736191875 0.5886108796875 0.6823453078125 0.5886108796875
0 0.509375 0.3796875 0.509375 0.426672771875 0.8152356734375001 0.7563849671874999 0.840152615625 0.7879464281249999 0.8335080984375001 0.7995743359375 0.8368303578124999 0.81618563125 0.8584250421874999 0.82283015 0.8791891609375 0.8120328078124999 0.9165645765625001 0.7746573921875 0.9165645765625001 0.74807931875 0.9041061046875001 0.7406042359375 0.8891559390625 0.745587625 0.869222384375 0.7306374578125 0.5449099937499999 0.3796875 0.509375 0.3796875
0 0.7122456390625 0.8327969265625 0.6732090953125 0.8219995843749999 0.6350031140625 0.7837936046875 0.60925560625 0.8028965953124999 0.6009499578125 0.8211690203125 0.6416476328125 0.8635278234375001 0.649122715625 0.8643583890625 0.6441393265625 0.8892753328125 0.6541061046875 0.8925975906249999 0.698956603125 0.8543916109375 0.7122456390625 0.8327969265625