0 0.11260555312500001 0.4280183453125 0.11657177656249999 0.42818899374999997 0.1160600046875 0.42238694531250004 0.11733943124999999 0.4193152734375 0.1224571390625 0.41692619531249997 0.1224571390625 0.41078285000000003 0.12399245156250001 0.4060046921875 0.127574846875 0.40395691093749997 0.1265513046875 0.4008852390625 0.127063075 0.3981548640625 0.1306454703125 0.39235281562499996 0.13141312656249998 0.38825725312500003 0.13397198125 0.3831377984375 0.1338440375 0.380236775 0.1315410703125 0.380578071875 0.12437627968750001 0.3887691984375 0.12156154062499999 0.3894517921875 0.117467375 0.3962777296875 0.1128614375 0.3966190265625 0.11222172500000001 0.4012265359375 0.10979081406249999 0.405492746875 0.1051848765625 0.40515144999999997 0.104289278125 0.41283063125 0.10237013749999999 0.4153903578125 0.09789214375000001 0.41590230312500004 0.09865979999999999 0.42204564843750003 0.09571711875 0.426311859375 0.0914950109375 0.42648250781249997 0.0925185515625 0.431943259375 0.09008764062499999 0.43586817343749995 0.0858655328125 0.4384279015625 0.08292285 0.445083190625 0.0760139453125 0.4502026453125 0.061684365625 0.4522504265625 0.0600211109375 0.4537862625 0.061044651562499996 0.45719923281249997 0.07780514375 0.47818899375 0.0913670671875 0.48911049531249995 0.09354209375 0.48893984687500003 0.0927744375 0.467438140625 0.095333290625 0.45788182656250004 0.09929951406250001 0.44883745781249995 0.10313779375000001 0.44883745781249995 0.104289278125 0.447301621875 0.103521621875 0.44184087031249997 0.1067201890625 0.438257253125 0.10979081406249999 0.43859855000000003 0.1106864125 0.4374040109375 0.10991875625 0.4343323375 0.1106864125 0.430578071875 0.11260555312500001 0.4280183453125
0 0.7234375 0.97734375 0.01875 0.0234375
0 0.68515625 0.86875 0.01875 0.021875
0 0.6515625 0.90234375 0.0109375 0.0140625
0 0.66015625 0.89921875 0.01171875 0.0140625
0 0.6609375 0.97109375 0.01328125 0.015625
0 0.67109375 0.94453125 0.0125 0.01796875
0 0.8078125 0.73046875 0.01015625 0.0140625
0 0.77890625 0.825 0.01796875 0.02421875
0 0.746875 0.80234375 0.0125 0.01640625
0 0.728125 0.79375 0.01328125 0.01875
0 0.6890625 0.8 0.0140625 0.01484375
0 0.7078125 0.8125 0.01875 0.02421875
0 0.72890625 0.8515625 0.01953125 0.01640625
0 0.7 0.9203125 0.0125 0.01640625