0 0.45 0 0.45 0.0056383390625 0.6507305890625 0.0854468859375 0.6788875859375001 0.1016584890625 0.6771811 0.1204298203125 0.68486028125 0.1298154859375 0.7010718859375 0.13066872812500002 0.7181367328125 0.1170168515625 0.735201578125 0.0760612203125 0.7369080625000001 0.04705098125 0.724109428125 0.034252346875 0.7104575515625 0.0325458625 0.70021864375 0.0461977390625 0.6916862203124999 0.0461977390625 0.6490241046875 0.0291328921875 0.6097749578125 0.0223069546875 0.567112840625 0.0052421078125 0.5624531890625 0 0.45 0
0 0.85751368125 0 0.8546555031249999 0.08288715937499999 0.817112840625 0.125549275 0.8759865609374999 0.136641425 0.9365667656250001 0.1357881828125 0.9399797359375001 0.12896224375 0.9058500421875 0.0880066125 0.9126759812499999 0.004388865625 0.9114790171875 0 0.85751368125 0
0 0.45 0.243397246875 0.585884171875 0.298757465625 0.5952698375 0.30473016249999996 0.6003892921875 0.3337404015625 0.6191606234375 0.3354468859375 0.6328125 0.325207978125 0.65158383125 0.2825458625 0.656703284375 0.2535356234375 0.6490241046875 0.23903050312500002 0.6336657421874999 0.23391104999999998 0.61830738125 0.24585644218749997 0.597829565625 0.2441499578125 0.45 0.18225087812500002 0.45 0.243397246875
0 0.45 0.5487902 0.003951578125 0.636278796875 0 0.6358397328125001 0 0.6890089125000001 0.2087297359375 0.658463096875 0.45 0.6120261421875 0.45 0.5487902
0 0.2565113046875 0.7437873296874999 0.250538609375 0.729282209375 0.2249413390625 0.7122173640625 0.2215283703125 0.6610228250000001 0.2087297359375 0.658463096875 0.1396171078125 0.7497600249999999 0.19678434375 0.7472002984375 0.2940539671875 0.8308180453125 0.30258639062500003 0.8444699234374999 0.38279116874999997 0.900783915625 0.40924168125 0.9067566125 0.3836444109375 0.848736134375 0.3725522609375 0.8478828921874999 0.366579565625 0.8333777734375 0.34951471875 0.82484535 0.34695499218750003 0.8137532000000001 0.3350095984375 0.8120467156250001 0.3077058453125 0.77962350625 0.294907209375 0.7770637796875001 0.28893451406250004 0.7625586609375 0.272722909375 0.7565859640625 0.2701631828125 0.7454938140625 0.2565113046875 0.7437873296874999
0 0.812216521875 0.509375 0.8352389078125 0.53615614375 0.8437713312499999 0.53615614375 0.9427474406249999 0.599296075 0.961518771875 0.60270904375 0.9683447093750001 0.6129479515625 0.9819965875000001 0.6129479515625 1 0.622849828125 1 0.56840619375 0.9837030718750001 0.5583404437499999 0.9393344703125 0.541275596875 0.8983788390624999 0.515678328125 0.8958575078125002 0.509375 0.8849349390625001 0.509375 0.8796075078125 0.5105588734375 0.8788182593750001 0.509375 0.812216521875 0.509375
0 0.711518771875 0.8578284984375 0.718344709375 0.80834044375 0.737116040625 0.7810366890625 0.7140784984375 0.7665315703125 0.6594709890624999 0.761412115625 0.65349829375 0.7725042656250001 0.6654436859375 0.7981015359375 0.655204778125 0.827111775 0.658617746875 0.85270904375 0.6714163828124999 0.8638011953125 0.694453925 0.86806740625 0.711518771875 0.8578284984375
0 0.45 0.6741075984375 0.4973549484375 0.6521970984375 0.5272184296875 0.6632892484374999 0.5238054609375 0.6342790109375 0.49564846406249996 0.578818259375 0.4879692828125 0.5796715015625 0.48029010312500003 0.6044155296875 0.45 0.6151061546875 0.45 0.6741075984375
0 0.6692666484375 0.509375 0.7866040953125 0.9568046078125001 0.7976962453125 0.9713097265624999 0.815614334375 0.9704564843749999 0.83950511875 0.9585110921875 0.8429180890625 0.9380332765624999 0.7254432265625 0.509375 0.6692666484375 0.509375
0 0.52883389375 0.509375 0.5937713312499999 0.8168728671875 0.6005972703125 0.8783063140625 0.5852389078125 0.891958190625 0.5852389078125 0.907316553125 0.5997440265625 0.921821671875 0.6261945390625 0.9226749140624999 0.6731228671875 0.9098762796875001 0.6842150171875 0.9004906140625 0.6876279859375 0.8817192828125 0.6799488046875 0.8689206484374999 0.6603242328125 0.8578284984375 0.65349829375 0.8390571671875 0.5879474531250001 0.509375 0.52883389375 0.509375
0 0.564227815625 1 0.5647610921874999 0.9994667234375001 0.5664675765625 0.9789889078125 0.5536689421875 0.9661902734375001 0.5383105796875001 0.9678967578125001 0.5306314000000001 0.9619240609374999 0.45 0.7979186968749999 0.45 0.926161721875 0.47431740624999996 0.9755759390625001 0.47943685937499997 0.9943472703125 0.47284200781249996 1 0.564227815625 1