0 0.595433046875 0.5 0.597533784375 0.4862980765625 0.6091554046875001 0.4771634609375 0.6129391890625 0.4790865390625 0.6178040546875 0.4896634609375 0.6202364859375 0.4862980765625 0.6215878375 0.47139423125 0.6334797296875 0.4637019234375 0.642128378125 0.4733173078125 0.6445608109375 0.459375 0.6523986484375 0.44927884687499997 0.6578040546875 0.443509615625 0.66483108125 0.44639423125000005 0.668074325 0.4329326921875 0.6778040546874999 0.4233173078125 0.6864527031250001 0.42139423125000003 0.6951013515625 0.4050480765625 0.70483108125 0.39927884687500004 0.708885134375 0.39110576875 0.70699324375 0.38774038437499997 0.6918581078124999 0.386778846875 0.6767229734375 0.3915865390625 0.6696959453125 0.3858173078125 0.6659121625 0.386778846875 0.6615878374999999 0.394471153125 0.6529391890625 0.3954326921875 0.6459121624999999 0.386778846875 0.641047296875 0.3858173078125 0.6345608109375 0.39927884687500004 0.62699324375 0.403125 0.6172635140625 0.390625 0.613209459375 0.3959134609375 0.6126689187500001 0.40649038437499996 0.6096959453125 0.412740384375 0.6010472968749999 0.415625 0.5956418921875001 0.4050480765625 0.5923986484375 0.4040865390625 0.589966215625 0.4084134609375 0.589425675 0.4199519234375 0.581047296875 0.4290865390625 0.5686148656250001 0.4165865390625 0.5615878375000001 0.4387019234375 0.5551013515625 0.4415865390625 0.548074325 0.43581730781249994 0.5378040546875 0.443509615625 0.5156418921875 0.4415865390625 0.483209459375 0.40985576874999996 0.479966215625 0.4108173078125 0.47699324374999996 0.4209134609375 0.47699324374999996 0.4353365390625 0.4852758296875 0.5 0.57411936875 0.5 0.5745608109375 0.49831730781249994 0.584290540625 0.4915865390625 0.5886148656250001 0.493509615625 0.591533784375 0.5 0.595433046875 0.5
0 0.34765625 0.8703125 0.028125 0.03359375
0 0.2625 0.64375 0.025 0.03203125
0 0.27109375 0.78359375 0.0265625 0.04140625
0 0.31796875 0.84921875 0.02421875 0.0421875
0 0.0359375 0.7015625 0.0296875 0.03984375
0 0.1171875 0.72578125 0.025 0.03203125
0 0.00390625 0.77890625 0.0078125 0.0390625
0 0.38125 0.915625 0.015625 0.046875
0 0.06796875 0.71171875 0.03203125 0.04140625
0 0.581546875 0.5 0.5921875 0.5048587328125 0.5875295984375 1 0.9076783984375 1 0.917085615625 0.5 0.581546875 0.5