0 0 0 0 0.41875 0.3257875671875 0.41875 0.0917158015625 0.182694575 0.1105837265625 0.060053065625 0.083559846875 0 0 0
0 0.5644045890625 0 0.566035090625 0.0054350078125 0.55772944375 0.01374065625 0.5643739625 0.020385175 0.55772944375 0.035335340625 0.5627128328125 0.053607765625000005 0.554407184375 0.060252284375 0.561051703125 0.0768635796875 0.5527460546875 0.085169228125 0.561051703125 0.09679713437500001 0.5527460546875 0.1134084296875 0.5627128328125 0.14995328125000001 0.5286596765625 0.1574283640625 0.51875 0.16601675 0.51875 0.1821220921875 0.5336430640625001 0.192312084375 0.5892909046875 0.1997871671875 0.6200218015625 0.19563434375 0.6358025328125001 0.183175871875 0.6324802734375 0.1698868359375 0.604241071875 0.139986503125 0.604241071875 0.115069559375 0.6142078484375 0.103441653125 0.60756333125 0.0918137453125 0.615868978125 0.078524709375 0.609224459375 0.0652356734375 0.6175301078125 0.0552688953125 0.618592971875 0 0.5644045890625 0
0 0.5627414953125001 0.41875 0.5710184796875 0.40410610468749997 0.572679609375 0.3758669015625 0.51875 0.36364285625 0.51875 0.4168289203125 0.5312370203125 0.41875 0.5627414953125001 0.41875
0 0.97788163125 0.41875 0.9647061875 0.4107506234375 0.9647061875 0.3941393265625 0.956400540625 0.38417255 0.9597227984375 0.369222384375 0.9514171515625 0.3609167359375 0.95307828125 0.34264431093750003 0.943111503125 0.3326775328125 0.9480948921875001 0.319388496875 0.9397892437500002 0.312743978125 0.943111503125 0.2961326828125 0.93480585625 0.287827034375 0.9331447265625 0.251282184375 0.9231779484375 0.239654278125 0.9265002078125001 0.226365240625 0.9148723000000001 0.214737334375 0.9148723000000001 0.20310942656250003 0.8999221343749999 0.1948037796875 0.8949387453125001 0.1781924828125 0.879158015625 0.167395140625 0.8733440609375 0.219720721875 0.8666995437499999 0.2280263703125 0.8700218015625 0.25460444375 0.8882942281249999 0.312743978125 0.8866330984375 0.32603301562500003 0.893277615625 0.33101640312499997 0.8899553578124999 0.3476277 0.8999221343749999 0.35925560624999997 0.896599875 0.374205771875 0.9049055234375001 0.3825114203125 0.90324439375 0.39746158593750003 0.9115500421875 0.40908949375 0.9115500421875 0.41875 0.97788163125 0.41875
0 0 0.41875 0 0.4835898 0.013164451562500002 0.510491071875 0.043895348437499995 0.5428830984374999 0.063828903125 0.5545110046875 0.0779485046875 0.553680440625 0.0945598 0.5453747921875001 0.082101328125 0.49138808125000005 0.12861295625 0.469793396875 0.20423280312499997 0.41875 0.06347833593749999 0.41875 0.0472176078125 0.43158741718750004 0.032454578125 0.41875 0 0.41875
0 0.276574565625 1 0.24073920312500002 0.7480325999999999 0.2689784046875 0.7330824328125 0.270639534375 0.7164711374999999 0.2756229234375 0.7164711374999999 0.283928571875 0.694876453125 0.268147840625 0.6757734640624999 0.2349252484375 0.6691289453125 0.19671926875 0.667467815625 0.150207640625 0.6774345937499999 0.111171096875 0.694876453125 0.10452657812499999 0.7280990453125 0.1120016609375 0.7388963875 0.1643272421875 0.7546771171875 0.16598837187499998 0.8427169843750001 0.1825996671875 0.9307568515625 0.19074592031249998 1 0.276574565625 1
0 0.51875 0.7212750859374999 0.3628322265625 0.6907236296875 0.2980481734375 0.6890625 0.277284053125 0.7164711374999999 0.277284053125 0.729760175 0.29140365468749996 0.753846553125 0.51875 0.7947425109375 0.51875 0.7212750859374999
0 0.51875 0.6412972375 0.517317275 0.642550871875 0.5056893687499999 0.6292618359375 0.4973837203125 0.6392286125 0.48575581406249996 0.6392286125 0.4757890359375 0.630922965625 0.4674833890625 0.642550871875 0.45087209375 0.630922965625 0.44422757500000004 0.635906353125 0.3628322265625 0.634245225 0.3370847171875 0.65500934375 0.34539036562500003 0.6799262875000001 0.3628322265625 0.6890625 0.51875 0.690361815625 0.51875 0.6412972375
0 0.957936265625 1 0.9857246671875 0.9849148671875 0.996522009375 0.9608284890625001 0.94502699375 0.8893999171875 0.8420369593749999 0.70833679375 0.8320701828124999 0.7033534046875 0.7473525750000001 0.570463040625 0.7838974249999999 0.5405627078124999 0.7822362953124999 0.5239514125 0.7581499171875 0.504848421875 0.703332640625 0.523120846875 0.6584821421875 0.5530211796875 0.621106728125 0.5903965953125 0.621106728125 0.62195805625 0.6435319765624999 0.6327553984375001 0.689213040625 0.607007890625 0.70416320625 0.6435527406249999 0.8387147015625 0.8312603828124999 0.9367213453125001 0.9957122093749999 0.95387250625 1 0.957936265625 1
0 0.8414603984374999 0.41875 0.8137977578125 0.44421719218749994 0.812136628125 0.4541839703125 0.8245951 0.46830357187500005 0.8495120437499999 0.4832537375 0.8603093859375001 0.4824231734375 0.927621025 0.41875 0.8414603984374999 0.41875
0 1 0.46751 0.91346553125 0.6485361296875001 0.9076515781250001 0.6560112124999999 0.8628010796875 0.652688953125 0.8470203484375001 0.668469684375 0.84535921875 0.6983700171875 0.8993459296874999 0.74238995 0.9641299828125 0.7656457640625 0.9931997515625 0.766476328125 1 0.7612453671875 1 0.705904425 0.9832329734374999 0.686742109375 0.9981831390625 0.6701308140625001 1 0.665965328125 1 0.46751