0 0.2344251 0.29202874375 0.238433115625 0.282224821875 0.2376816125 0.27732286093749997 0.23367359687499997 0.2764315953125 0.2314190875 0.27063836874999997 0.22991608281249998 0.2501392609375 0.2344251 0.2412266046875 0.22866357656249997 0.2345421125 0.22490606249999998 0.2242925578125 0.224405059375 0.21092357343749998 0.2269100703125 0.19844585625 0.2239040578125 0.181511809375 0.228914078125 0.1369485296875 0.24494614218750002 0.0959503125 0.24544714375 0.08347259375 0.23868361718750003 0.0732230390625 0.227160571875 0.0732230390625 0.1870804109375 0.0839182265625 0.165036321875 0.0946134140625 0.14825275625 0.1102105609375 0.146248746875 0.11823195156249999 0.14674974999999998 0.1280358734375 0.15050726406249998 0.136502896875 0.175807865625 0.16903409062500002 0.1908379265625 0.2144886359375 0.191338928125 0.22072749531250002 0.186829909375 0.2376615421875 0.1963489484375 0.24924799531250003 0.1978519546875 0.26350824375 0.191338928125 0.27776849375 0.19409443906249998 0.2844529859375 0.20035696406249998 0.2902462125 0.2018599703125 0.2973763375 0.2018599703125 0.3062889921875 0.19534694375 0.32054924218749997 0.20586798593750003 0.3348094921875 0.20636898750000002 0.3472872109375 0.20336297656250002 0.35709113124999997 0.21288201406249999 0.38204656875 0.21037700468749998 0.398980615625 0.21137900781250002 0.4043282078125 0.22039704375000002 0.4159146609375 0.2239040578125 0.42750111406249997 0.224405059375 0.4444351609375 0.23041708437500003 0.45423908125 0.238433115625 0.48632464375 0.24244113281250002 0.4916722375 0.24494614218750002 0.456912878125 0.2434431359375 0.42839237968750005 0.2464491484375 0.41413212968749996 0.2434431359375 0.376698975 0.24695014999999998 0.370460115625 0.24695014999999998 0.36422125625 0.242942134375 0.36065619375 0.23993612187500002 0.3455046796875 0.24244113281250002 0.3214405078125 0.2374311125 0.31698417968750003 0.2349261015625 0.30718025781249997 0.2344251 0.29202874375
0 0.7484375 0.384375 0.0578125 0.08828125
0 0.98203125 0.41328125 0.0359375 0.0890625
0 0.62890625 0.1546875 0.05234375 0.07734375
0 0.35 0.54375 0.3143778671875 0.54375 0 0.6040416453125 0 0.7590983515625 0.35 0.679716909375 0.35 0.54375
0 0.8710404125 1 0.874527128125 0.976976825 0.8676731859375 0.9426904656249999 0.8471111 0.911832690625 0.80770028125 0.8878324093749999 0.7428247796875 0.89268021875 0.7014624875 0.9186899890625 0.6689058734375 0.9718338187499999 0.67231829375 1 0.8710404125 1
0 0.5393115359375 0.7964934125 0.526458065625 0.7836399421875 0.526458065625 0.7707864718749999 0.5393115359375 0.7579330015625001 0.526458065625 0.7425088375 0.5277434125 0.72837001875 0.5393115359375 0.7180872421875 0.526458065625 0.6949509968750001 0.5405968828125001 0.67438544375 0.52517271875 0.6551052375 0.526458065625 0.6435371140624999 0.5354554953124999 0.6358250328125 0.5200313296875001 0.6191155203125 0.5187459828125001 0.6036913562499999 0.523887371875 0.5908378859375001 0.5136045953125 0.5715576796875 0.507177859375 0.5291412281250001 0.49882310468749996 0.5246425125 0.4840416125 0.5702723328125 0.48275626562500007 0.599835315625 0.4737588375 0.6114034390625 0.47632953125000005 0.634539684375 0.46476140781249997 0.6525345437500001 0.47247348906250003 0.6641026671875 0.4711881421875 0.6846682203125 0.46347606093750005 0.6923803015625 0.4711881421875 0.702663078125 0.4711881421875 0.724513978125 0.46090536562499995 0.7360821015625 0.4711881421875 0.74507953125 0.4711881421875 0.7643597359375001 0.46347606093750005 0.773357165625 0.4711881421875 0.7862106359375 0.4711881421875 0.8042054953125 0.46090536562499995 0.817058965625 0.4699027953125 0.8234857 0.4699027953125 0.84790729375 0.4621907140625 0.8569047234375 0.4699027953125 0.8633314593750001 0.4711881421875 0.88646770625 0.46476140781249997 0.8954651343750001 0.46090536562499995 0.917316034375 0.4159182203125 0.964873875 0.413347525 0.9751566515625001 0.41784624062500003 0.9835114078124999 0.4371264453125 0.9912234890625001 0.5277434125 0.9944368578125001 0.5540930265625 0.9912234890625001 0.5688745187500001 0.9751566515625001 0.5714452125 0.9623031812499999 0.5367408421875 0.9237427703125001 0.52517271875 0.8941797874999999 0.5354554953124999 0.8787556234375 0.52517271875 0.8633314593750001 0.52517271875 0.8517633359375001 0.5393115359375 0.83762451875 0.52517271875 0.8209150062500001 0.526458065625 0.8093468828124999 0.5393115359375 0.7964934125
0 0.35 0.51875 0.35 1 0.41643592968750004 1 0.3760724609375 0.9545910984375 0.36193364375 0.9211720765625 0.3709310734375 0.9057479109375001 0.36193364375 0.89160909375 0.36193364375 0.8774702765625 0.3735017671875 0.8671875 0.3735017671875 0.8607607640625 0.36193364375 0.849192640625 0.36193364375 0.83762451875 0.3735017671875 0.824771046875 0.36193364375 0.8093468828124999 0.36193364375 0.797778759375 0.3735017671875 0.7849252890624999 0.36193364375 0.7669304312499999 0.36321899062499996 0.7553623078125 0.3735017671875 0.74507953125 0.36321899062499996 0.72837001875 0.36321899062499996 0.7155165484375 0.3760724609375 0.703948425 0.36193364375 0.6833828734375 0.3760724609375 0.6615319734375 0.36321899062499996 0.6473931562499999 0.36321899062499996 0.6358250328125 0.3760724609375 0.6216862140625 0.36321899062499996 0.604976703125 0.3645043375 0.5934085796875 0.3760724609375 0.5792697625 0.36578968437500003 0.5702723328125 0.36321899062499996 0.55998955625 0.3773578078125 0.5394240031249999 0.36578968437500003 0.5291412281250001 0.3649237484375 0.51875 0.35 0.51875
0 0.63967705625 0.51875 0.6395686046875 0.5188584515625 0.645995340625 0.5265705328125 0.6472806875 0.5471360859375001 0.6382832578125 0.558704209375 0.6472806875 0.5728430265625 0.645995340625 0.5921232328125 0.6408539531249999 0.5985499671875 0.645995340625 0.6088327437500001 0.645995340625 0.63068364375 0.6382832578125 0.6396810734375 0.645995340625 0.64996385 0.645995340625 0.6692440546875 0.6382832578125 0.67952683125 0.64470999375 0.6872389140624999 0.645995340625 0.7090898140624999 0.6369979109375 0.719372590625 0.645995340625 0.7322260609375 0.645995340625 0.75022091875 0.6408539531249999 0.7605036953125 0.645995340625 0.7887813296875 0.6408539531249999 0.8029201484375001 0.645995340625 0.8132029234375 0.643424646875 0.8389098656249999 0.6498513812500001 0.849192640625 0.643424646875 0.8774702765625 0.6498513812500001 0.8954651343750001 0.643424646875 0.9108893 0.645995340625 0.9378815875000001 0.6408539531249999 0.9571617937500001 0.6504940546875 0.97837001875 0.6768436703124999 0.9790126921875 0.689697140625 0.9443083218750001 0.7115480406250001 0.9134599937499999 0.6999799171875 0.8787556234375 0.7089773453125 0.865902153125 0.6999799171875 0.849192640625 0.6999799171875 0.83762451875 0.7115480406250001 0.8260563953125001 0.6999799171875 0.8093468828124999 0.6999799171875 0.7964934125 0.7102626921875 0.7874959828125 0.7115480406250001 0.7797839015625 0.7012652640624999 0.769501125 0.6999799171875 0.7579330015625001 0.7102626921875 0.74507953125 0.7012652640624999 0.729655365625 0.7012652640624999 0.7155165484375 0.714118734375 0.702663078125 0.7012652640624999 0.6846682203125 0.7025506109374999 0.67438544375 0.714118734375 0.6602466265625 0.7025506109374999 0.648678503125 0.7025506109374999 0.6358250328125 0.714118734375 0.6229715609375 0.7025506109374999 0.607547396875 0.7025506109374999 0.5946939265625 0.714118734375 0.583125803125 0.7025506109374999 0.5664162921875 0.7025506109374999 0.55484816875 0.71540408125 0.5419946984374999 0.7025506109374999 0.5265705328125 0.7025506109374999 0.51875 0.63967705625 0.51875
0 0.6628947843749999 1 0.651136728125 0.9867247750000001 0.6369979109375 0.9533057515625 0.64470999375 0.934025546875 0.6395686046875 0.9147453406249999 0.6472806875 0.8941797874999999 0.6382832578125 0.8813263171875001 0.6382832578125 0.865902153125 0.6498513812500001 0.8530486828124999 0.6369979109375 0.83762451875 0.6369979109375 0.822200353125 0.643424646875 0.8132029234375 0.6305711765625001 0.797778759375 0.6292858296875 0.7823545953125001 0.6344272171875 0.7707864718749999 0.626715134375 0.7592183484375 0.616432359375 0.7052337718749999 0.610648296875 0.7033057515625 0.5945814593750001 0.75022091875 0.5945814593750001 0.77721320625 0.5855840296875 0.7913520249999999 0.5894400703125 0.79906410625 0.5868693765625 0.81577361875 0.5765866 0.8324831296875 0.5830133359375 0.8401952125000001 0.5830133359375 0.8607607640625 0.572730559375 0.8736142359375 0.5804426406250001 0.8787556234375 0.5830133359375 0.8941797874999999 0.5804426406250001 0.9070332578125001 0.5714452125 0.9134599937499999 0.5804426406250001 0.91860138125 0.5817279890625 0.9455936703125001 0.5714452125 0.9751566515625001 0.548465115625 1 0.6628947843749999 1
0 0.79398261875 0.51875 0.79381025 0.5227144921875 0.784812821875 0.534282615625 0.787383515625 0.5574188625 0.7758153921875001 0.5754137203124999 0.783527475 0.5869818437500001 0.7822421265624999 0.607547396875 0.7732446984375 0.6152594796875 0.7822421265624999 0.624256909375 0.7822421265624999 0.6473931562499999 0.7732446984375 0.656390584375 0.7822421265624999 0.6666733609375 0.7822421265624999 0.6872389140624999 0.7732446984375 0.697521690625 0.7809567796875 0.703948425 0.7822421265624999 0.7180872421875 0.7809567796875 0.729655365625 0.7719593515625001 0.7373674484375 0.7809567796875 0.74507953125 0.7822421265624999 0.7605036953125 0.7732446984375 0.7759278593750001 0.7809567796875 0.7874959828125 0.7809567796875 0.8093468828124999 0.7719593515625001 0.817058965625 0.7809567796875 0.8273417421874999 0.7809567796875 0.8453365999999999 0.7719593515625001 0.8581900703125 0.7796714328125 0.8633314593750001 0.7841701484375 0.8909664203125001 0.8413680906250001 0.91860138125 0.8362267031249999 0.89160909375 0.8452241328125 0.8774702765625 0.8349413562500001 0.8633314593750001 0.8349413562500001 0.8556193765625 0.8477948265624999 0.8363391703125 0.8362267031249999 0.8260563953125001 0.8362267031249999 0.8132029234375 0.8503655203125 0.79906410625 0.8362267031249999 0.7823545953125001 0.838797396875 0.769501125 0.8490801734375001 0.7605036953125 0.8375120500000002 0.74507953125 0.8375120500000002 0.7322260609375 0.8503655203125 0.7155165484375 0.838797396875 0.7065191203125 0.8375120500000002 0.6936656484375 0.8503655203125 0.675670790625 0.838797396875 0.6653880140625 0.8375120500000002 0.6551052375 0.8516508671875 0.6358250328125 0.838797396875 0.624256909375 0.838797396875 0.610118090625 0.8503655203125 0.5946939265625 0.838797396875 0.58441115 0.8375120500000002 0.5664162921875 0.8452241328125 0.55484816875 0.8310853156250001 0.5394240031249999 0.8297999671875 0.5265705328125 0.8341447078125 0.51875 0.79398261875 0.51875