0 0.4 0.5 0.4 0 0 0 0 0.1353325984375 0.193686225 0.22924107187499998 0.22429846874999998 0.4384247453125 0.27516498437500003 0.5 0.4 0.5
0 0.4 0.3342083328125 0.40531249999999996 0.3320833328125 0.4186458328125 0.33541666718749996 0.42697916718749995 0.3270833328125 0.44364583281250003 0.32875 0.4536458328125 0.3204166671875 0.4653125 0.32375 0.4769791671875 0.3154166671875 0.4886458328125 0.31875 0.5003124999999999 0.30874999999999997 0.5136458328125 0.3104166671875 0.5303125 0.30041666718750004 0.5869791671875 0.3254166671875 0.5911458328125 0.2979166671875 0.5711458328125 0.22291666718749997 0.5519791671875 0.2104166671875 0.5219791671875 0.2554166671875 0.4886458328125 0.2604166671875 0.4803125 0.2670833328125 0.46364583281250005 0.26375000000000004 0.45697916718750003 0.27208333281249997 0.4403125 0.26875 0.43197916718750007 0.2770833328125 0.4169791671875 0.2754166671875 0.40697916718749994 0.2820833328125 0.4 0.2803385421875 0.4 0.3342083328125
0 0.4 0.1681821890625 0.4653125 0.1570833328125 0.7969791671875 0.08875 0.8061458328125 0.0845833328125 0.8111458328125 0.07125000000000001 0.8078125 0.0429166671875 0.8003125000000001 0.0320833328125 0.7836458328125 0.0320833328125 0.4 0.110334040625 0.4 0.1681821890625
0 0.462630875 0.5 0.47781250000000003 0.4795833328125 0.5011458328125 0.42625 0.5028125 0.4129166671875 0.4953125 0.40374999999999994 0.44364583281250003 0.41875 0.4 0.395145621875 0.4 0.4577757359375 0.4203125 0.46375 0.43398053281250004 0.5 0.462630875 0.5
0 0.7151096484374999 0.5 0.6378125 0.2445833328125 0.6253124999999999 0.22208333281249998 0.6136458328125001 0.2204166671875 0.5811458328125 0.2379166671875 0.5778125000000001 0.2595833328125 0.5961458328125 0.30125 0.6542986109375001 0.5 0.7151096484374999 0.5
0 0.9144791671875 0.18125 0.9144791671875 0.15625 0.9053125 0.10541666718750001 0.8719791671875001 0.12041666718749999 0.8178124999999999 0.1279166671875 0.8178124999999999 0.1629166671875 0.8253125000000001 0.17541666718749999 0.8386458328125 0.1804166671875 0.8903125 0.1770833328125 0.9061458328124999 0.1879166671875 0.9144791671875 0.18125
0 1 0.18892959843749998 0.9753125 0.1804166671875 0.9778125 0.22125 0.9528125 0.2629166671875 0.9619791671875 0.27875 0.9828125 0.28958333281250004 0.9986458328125 0.29041666718750003 1 0.288133928125 1 0.18892959843749998
0 0.5103125000000001 0.2604166671875 0.5294791671875 0.2479166671875 0.5344791671875 0.23291666718749998 0.5311458328125 0.1979166671875 0.5361458328125 0.1795833328125 0.5528125 0.1629166671875 0.5486458328125 0.15875 0.5036458328125 0.1504166671875 0.4661458328125 0.15958333281249998 0.4794791671875 0.18125 0.4828125 0.24625 0.49447916718750007 0.26125 0.5103125000000001 0.2604166671875
0 0.5822642531250001 0.5 0.5755208328125 0.5085416671874999 0.5788541671875 0.5352083328124999 0.6013541671875 0.5460416671875 0.6213541671874999 0.5310416671875 0.6496875 0.529375 0.6555208328125 0.5352083328124999 0.6588541671874999 0.556875 0.6871875000000001 0.6018749999999999 0.7955208328125 0.7502083328125 0.8655208328124999 0.8635416671874999 0.8871874999999999 0.9102083328125001 0.8971875 0.9135416671875 0.9163541671874998 0.909375 0.9413541671874999 0.8927083328125001 0.9488541671874999 0.8835416671875 0.9471875000000001 0.866875 0.9388541671875 0.8618750000000001 0.8988541671875 0.781875 0.8338541671874999 0.691875 0.7688541671875 0.5785416671875 0.7155051109375 0.5 0.5822642531250001 0.5
0 0.775950521875 0.5 0.8321875000000001 0.6285416671874999 0.8738541671875 0.7068749999999999 0.8871874999999999 0.751875 0.8988541671875 0.766875 0.9313541671875001 0.759375 0.9480208328125 0.749375 0.9638541671875 0.7285416671875 0.8651015953125001 0.5 0.775950521875 0.5
0 0.901595271875 0.5 0.9271874999999999 0.5785416671875 0.9421875 0.6052083328125 1 0.5905625 1 0.541772878125 0.9861661250000001 0.5 0.901595271875 0.5