0 0.31484375 0.48359375 0.03984375 0.0484375
0 0.2796875 0.04765625 0.0234375 0.03125
0 0.4390625 0.1203125 0.02421875 0.03046875
0 0.5640625 0.16015625 0.03359375 0.0375
0 0.2875 0.203125 0.028125 0.03828125
0 0.51796875 0.0859375 0.028125 0.0421875
0 0.24765625 0.2765625 0.02578125 0.03515625
0 0.21875 0.30390625 0.025 0.034375
0 0.4859375 0.09921875 0.03125 0.0390625
0 0.18203125 0.3578125 0.028125 0.046875
0 1 0 0.9708022843749999 0 0.933986996875 0.05350150625 0.9306312921875 0.1016942765625 0.893718540625 0.1860316265625 0.8970742453125 0.28241716875 0.9574769296875001 0.360730421875 1 0.341646271875 1 0
0 0.809375 0.609375 1 0.609375 1 0.396875 0.9742554531250001 0.396875 0.9172084734375 0.439043675 0.8098259234375 0.354706325 0.809375 0.354706325 0.809375 0.609375
0 0.3374866453125 0.8282908515624999 0.3415087671875 0.8271735328125001 0.342891371875 0.8246595671874999 0.3501814671875 0.797843925 0.351186996875 0.787788059375 0.349930084375 0.7810841484375001 0.3519411453125 0.7777321921875 0.352946675 0.7721456 0.3490502453125 0.7623690640625 0.34527950625 0.7612517453125001 0.33824079375 0.7668383375 0.3299451671875 0.7651623609375 0.3254202796875 0.7551064937499999 0.3201412453125 0.7500785609375 0.3178788015625 0.743933309375 0.3141080625 0.7422573328125 0.3108400890625 0.733318784375 0.3060638203125 0.7316428078125 0.30354999375 0.723821578125 0.29852234218749996 0.7210282828125 0.2957571328125 0.714324371875 0.2909808640625 0.71264839375 0.2864559765625 0.7070618015625 0.282182471875 0.7087377796875 0.2789144984375 0.7053858234375 0.27464099375 0.7053858234375 0.2730070078125 0.707899790625 0.272755625 0.7123690640625 0.276777746875 0.7213076125 0.2782860421875 0.728011521875 0.2824338546875 0.73387744375 0.2864559765625 0.74449196875 0.28972395 0.746167946875 0.292489159375 0.7545478359375 0.297265428125 0.75734113125 0.2997792546875 0.7640450421875 0.3043041421875 0.7668383375 0.3073207328125 0.7741009078125 0.3115942375 0.7774528625 0.3141080625 0.7841567734375 0.3178788015625 0.7858327515625 0.32491751562500004 0.799240571875 0.3298194765625 0.8151623609375 0.331327771875 0.8335981140625 0.3333388328125 0.83918470625 0.3374866453125 0.8282908515624999
0 0.4604127390625 0.8444919687500001 0.46342932968749995 0.8411400140625 0.471222190625 0.8428159921875 0.47398740000000006 0.8383467171875001 0.47951781718750003 0.8372294 0.4812774953125 0.83387744375 0.48731067812499995 0.8333187843750001 0.4913327984375 0.8271735328125001 0.4951035375 0.8282908515624999 0.496611834375 0.82326291875 0.4986228953125 0.8210282828125 0.50314778125 0.8210282828125 0.5056616078125 0.8165590078125 0.5119461734375 0.814324371875 0.5192362687500001 0.81488303125 0.526777746875 0.8227042593749999 0.5313026328125 0.8249388968750001 0.5326852375 0.8146037015625 0.530925559375 0.79449196875 0.5243896109375 0.7542685062500001 0.5189848859375 0.747843925 0.515214146875 0.7484025843750001 0.5108149515625 0.7682349859375 0.503650546875 0.7824807953125 0.49912565937500003 0.7847154328125 0.49560630312500004 0.790302025 0.4910814171875 0.790860684375 0.48731067812499995 0.7958886171875 0.48328855624999995 0.7964472765625 0.47951781718750003 0.802592528125 0.4754956953125 0.802592528125 0.47172495625 0.8081791203125 0.467702834375 0.8081791203125 0.464183478125 0.8160003484375 0.46016135625 0.8176763265625 0.45815029531249996 0.8249388968750001 0.45224280468750006 0.8335981140625 0.4512372734375 0.8408606843750001 0.45186572968750005 0.8433746515625 0.45827598593749996 0.8442126390624999 0.4604127390625 0.8444919687500001
0 0.6375117828125 0.8078997906250001 0.6392714625 0.8011958796875 0.6541030359375 0.7660003484375 0.6581251578125 0.7548271640625 0.6576223921875 0.750357890625 0.6512121359374999 0.747843925 0.6479441609375 0.7416986734375 0.63663194375 0.7422573328125 0.6333639703125 0.7349947625000001 0.6293418484375 0.7310841484375 0.6132533625 0.6964472765624999 0.6107395359375001 0.6936539796875 0.606968796875 0.6847154328125 0.6037008234375 0.6819221375 0.6016897625000001 0.6763355453125 0.5921372234375 0.6668383375 0.586104040625 0.6646037015624999 0.5854755843749999 0.6699109640625001 0.5897490890625 0.6872294 0.5930170625 0.6933746515625 0.594273975 0.7011958796875 0.597667640625 0.7053858234375 0.601186996875 0.715441690625 0.60395220625 0.7182349859375 0.6074715625 0.7271735328125 0.61802963125 0.745050628125 0.626199565625 0.7626483937499999 0.6279592453125 0.7721456 0.6292161578125001 0.8000785609375001 0.6357521046875 0.8078997906250001 0.6375117828125 0.8078997906250001