0 0.04921875 0.02734375 0.0328125 0.0546875
0 0.3078125 0.19921875 0.0453125 0.0484375
0 0.103125 0.19375 0.0375 0.0453125
0 0.6865224875 0.3890625 0.6860569062499999 0.381302375 0.6835430812500001 0.3617493015625 0.6807778718749999 0.35448673125 0.6793952671875 0.34471019531249997 0.6763786765625 0.3475034921875 0.670848259375 0.36426326875 0.6658206078125 0.370967178125 0.6444530859375 0.38381634062500003 0.6323867203125 0.3882856140625 0.6316419640625 0.3890625 0.6865224875 0.3890625
0 0.7314314671875 0.3553247203125 0.734070984375 0.35057611718750004 0.7357049703125 0.32795041875000003 0.7402298578125001 0.3212465078125 0.7545586671875 0.3078386875 0.7575752578125 0.30225209531249997 0.7610946140625 0.2994587984375 0.7626029093750001 0.294989525 0.7661222656250001 0.2927548875 0.777057409375 0.2706878484375 0.77982261875 0.25895600625 0.77818863125 0.25532472031250003 0.7734123625 0.2547660609375 0.7626029093750001 0.25923533593750003 0.73193423125 0.2882856140625 0.7238899890624999 0.2877269546875 0.7188623359375 0.28214036249999996 0.715091596875 0.283816340625 0.71370899375 0.292475559375 0.71496590625 0.3192912015625 0.7209990890625 0.34387220625000003 0.7261524328125001 0.35364874375 0.7290433328124999 0.355045390625 0.7314314671875 0.3553247203125
0 0.6267306125000001 0.2494587984375 0.6322610296875 0.23269902187499997 0.6465898375 0.166777234375 0.6542570078125001 0.14917946875000002 0.662678325 0.144989525 0.662678325 0.1366096375 0.659913115625 0.13325768124999998 0.65915896875 0.1276710890625 0.65651945 0.12124650781249999 0.6404309640625 0.1028107546875 0.6357803859375 0.10141410625 0.6357803859375 0.110352653125 0.6382942125 0.12655377031249998 0.6380428296874999 0.134933659375 0.6345234734374999 0.158397346875 0.6292444375 0.17962639687499998 0.6201946640625 0.2271124296875 0.6179322203125001 0.2489001390625 0.6179322203125001 0.25895600625 0.61994328125 0.2645425984375 0.6267306125000001 0.2494587984375
0 0.7715269921875001 0.136050978125 0.7658708843750001 0.119011871875 0.7565697265625 0.105045390625 0.7241413718749999 0.07599511249999999 0.722507384375 0.053369414062499995 0.715091596875 0.0419169 0.7127034625 0.046665503125 0.70792719375 0.066218575 0.703905071875 0.09079958125000001 0.7044078375 0.100855446875 0.7072987375 0.10951466406249999 0.71081809375 0.11230796093749999 0.7135833015624999 0.1106319828125 0.71911371875 0.0994587984375 0.7264038140625 0.10672136875 0.730174553125 0.1134252796875 0.7465144234375 0.129626396875 0.759712009375 0.1382856140625 0.7715269921875001 0.136050978125
0 0.39296875 0.80625 0.01015625 0.0140625
0 0.421875 0.9 0.0171875 0.02421875
0 0.453125 0.87734375 0.0125 0.01640625
0 0.471875 0.86875 0.01328125 0.01875
0 0.4859375 0.88828125 0.00625 0.0234375
0 0.47109375 0.9265625 0.01953125 0.01640625
0 1 0.44736128906249994 0.9837691328125 0.45953443906249997 0.96336096875 0.510554846875 0.4890625 0.510554846875 0.4890625 0.6534119890625 0.9429528062500001 0.6534119890625 0.9837691328125 0.7350446421875001 1 0.7431600765624999 1 0.44736128906249994