0 0.409375 0.18359375 0.02421875 0.0328125
0 0.57734375 0.259375 0.02578125 0.03203125
0 0.7078125 0.3015625 0.03515625 0.03984375
0 0.41796875 0.34609375 0.0296875 0.040625
0 0.659375 0.2234375 0.0296875 0.04453125
0 0.37578125 0.42265625 0.02734375 0.0375
0 0.34609375 0.4515625 0.0265625 0.0359375
0 0.6265625 0.23671875 0.03203125 0.04140625
0 1 0.3776878734375 0.9721554484375 0.28072916718749996 0.9123263890625001 0.2078125 0.839676815625 0.1765625 0.7890625 0.17998951093749999 0.7890625 0.4796875 0.99309561875 0.4796875 1 0.40675997812500003 1 0.3776878734375
0 0.45975815156250005 1 0.46429159843749995 0.992724609375 0.46593904375 0.985400390625 0.4656644703125 0.978076171875 0.4637424484375 0.970751953125 0.462232290625 0.96904296875 0.44713069687500007 0.9578125 0.432578253125 0.94365234375 0.4176139484375 0.912158203125 0.41624107656250003 0.904345703125 0.4176139484375 0.897998046875 0.4170648 0.891162109375 0.41116145 0.88359375 0.4074546953125 0.875537109375 0.4118478859375 0.859912109375 0.41239703437499997 0.852099609375 0.4089648546875 0.8435546875 0.40264964374999995 0.8376953125 0.40086490937499997 0.832080078125 0.40141405781249995 0.827197265625 0.4058072484375 0.816943359375 0.4058072484375 0.808154296875 0.404022515625 0.803515625 0.3931768265625 0.793994140625 0.3997666125 0.779345703125 0.3994920375 0.772021484375 0.39633443125 0.76591796875 0.38837177343749996 0.75810546875 0.386312465625 0.751025390625 0.39070565625000003 0.734912109375 0.39070565625000003 0.728076171875 0.387822625 0.72001953125 0.3799972546875 0.713427734375 0.3780752328125 0.707080078125 0.3794481046875 0.699267578125 0.37917353125000003 0.689501953125 0.3757413515625 0.6833984375 0.368876990625 0.6794921875 0.365719384375 0.674853515625 0.3624244921875 0.657275390625 0.34993135625 0.62626953125 0.3473229 0.629443359375 0.3462246015625 0.636767578125 0.3481466234375 0.661181640625 0.3481466234375 0.676806640625 0.34567545312500003 0.683154296875 0.348695771875 0.695361328125 0.3495194953125 0.718798828125 0.34567545312500003 0.728076171875 0.3525398140625 0.735400390625 0.354187259375 0.752978515625 0.35610928125 0.756884765625 0.35144151562500003 0.772021484375 0.357619440625 0.77763671875 0.360502471875 0.782763671875 0.36379736406249996 0.793505859375 0.3621499171875 0.801318359375 0.35720757812500004 0.809130859375 0.360090609375 0.8162109375 0.3643465125 0.818896484375 0.3668176828125 0.835009765625 0.3684651296875 0.838427734375 0.36873970312500004 0.845263671875 0.36379736406249996 0.853076171875 0.371760021875 0.860888671875 0.374780340625 0.876025390625 0.374780340625 0.884814453125 0.3698380015625 0.897021484375 0.3710735859375 0.89873046875 0.37601592500000003 0.89873046875 0.3780752328125 0.901904296875 0.380820978125 0.916552734375 0.3799972546875 0.964404296875 0.37780065937499996 0.977099609375 0.3706620234375 1 0.45975815156250005 1
0 0.7890625 0.9425755515625 0.7908333875 0.9395460875000001 0.8003220546875 0.9395460875000001 0.807702128125 0.9459939187499999 0.8162682859375 0.9591826640625001 0.8187722390625 0.95713108125 0.819958321875 0.9521486671874999 0.8204854703125 0.93397750625 0.8191675999999999 0.9163925124999999 0.8152139890625 0.8917735203125 0.8121828875 0.8850326062499999 0.8082292765625001 0.8826879390624999 0.80677961875 0.8747746921875 0.8048028140625 0.8709646109375001 0.7966320171875 0.8914804359375001 0.7913605359375 0.8991006015625 0.7890625 0.9003498687499999 0.7890625 0.9425755515625
0 0.9045655968749999 0.8970490187500001 0.9048291703125001 0.8929458531249999 0.9048291703125001 0.8876703546875 0.90192985625 0.8724300265625 0.9027205781250001 0.8607066968750001 0.9048291703125001 0.849569534375 0.9095735046875 0.8419493703125 0.910100653125 0.834915371875 0.9135271156249999 0.8290537078125 0.9148449859375001 0.8208473765625 0.9182714484375 0.8143995453125001 0.9187985968750001 0.8056070484375001 0.9224886328125 0.8009177171874999 0.9235429296875001 0.791539053125 0.9261786703125001 0.7862635546875 0.9264422437500001 0.7774710578125 0.9298687078124999 0.769264728125 0.9282872624999999 0.759299896875 0.9306594296874999 0.7469904015625 0.9289461984375 0.7402494875000001 0.9234111421875 0.74318031875 0.9097052906249999 0.768385478125 0.9077284859375 0.7774710578125 0.8987669671875 0.796228384375 0.8927047640625 0.8179165453125 0.8862472 0.8305191234375 0.88097571875 0.835794621875 0.8733320703124999 0.8369669546875 0.8695102468750001 0.8419493703125 0.8700373953125 0.85660353125 0.8768903203124999 0.865396028125 0.8782081906249999 0.8741885265625001 0.8801849953125 0.879170940625 0.890464384375 0.8944112687499999 0.8944179953125 0.8973421015625 0.899162328125 0.8955836015624999 0.9024570046875 0.8982213515625 0.9045655968749999 0.8970490187500001
0 0.8614712375 0.70625183125 0.8683241625000001 0.7021486671874999 0.876231384375 0.7021486671874999 0.8779446171874999 0.6971662515625 0.8778128296875 0.694528503125 0.871355265625 0.6825120890624999 0.8684559500000001 0.6666855953125 0.8679288015625 0.6578930984375 0.8689830984375 0.6491006015625 0.8674016546875001 0.6397219375 0.8695102468750001 0.6303432734375 0.867665228125 0.62037844375 0.8697738203125001 0.6127582796875 0.8681923765624999 0.6022072828125 0.8700373953125 0.594000953125 0.8679288015625 0.5852084546875 0.8695102468750001 0.5764159578125 0.8681923765624999 0.5676234609375 0.8689830984375 0.5570724640625 0.86661093125 0.5529693 0.8652930609375 0.5365566390625001 0.862525534375 0.528643390625 0.8594944312500001 0.531281140625 0.8542229499999999 0.5652787953125 0.851850784375 0.609827446875 0.8523779328125001 0.6215507765625 0.8510600625 0.6297571078125 0.851587209375 0.6408942703125 0.8494786171875 0.6584792640625 0.8476335984375 0.666099428125 0.83867208125 0.6860290890625 0.8397263765625 0.6930630859375 0.8435482015625 0.7009763328125 0.85277329375 0.7021486671874999 0.856858690625 0.7059587484375001 0.8614712375 0.70625183125