0 0.36328125 0.13515625 0.0234375 0.03125
0 0.371875 0.2921875 0.02890625 0.0390625
0 0.33125 0.36640625 0.0265625 0.0359375
0 0.303125 0.39375 0.025 0.034375
0 0.265625 0.4484375 0.02890625 0.046875
0 1 0.0492739890625 0.9899147734374999 0.03806818125 0.9217329546874999 0.0289772734375 0.8217329546875 0.097159090625 0.4890625 0.010717160937500001 0.4890625 0.1782307078125 0.7762784093749999 0.2517045453125 0.7944602265625 0.2607954546875 0.8171875 0.347159090625 0.8808238640624999 0.38806818125000003 0.9626420453125 0.365340909375 1 0.31553030312499997 1 0.0492739890625
0 0.38566451874999996 1 0.387859478125 0.9951220375000001 0.387859478125 0.9855283578125 0.3855740546875 0.9770633468749998 0.38836735 0.9669053328124999 0.3886212859375 0.9465893062500002 0.3865897984375 0.9245802765625001 0.3816380453125 0.9096254234375 0.37871778125 0.9144222625000001 0.3727502859375 0.9310701187500001 0.36716369375 0.9378421281249999 0.3615771015625 0.9372777937500001 0.3577680609375 0.9417924656250001 0.353705084375 0.9372777937500001 0.351165725 0.9400994640625001 0.3498960453125 0.9446141359375 0.34583306875000003 0.9384064609374999 0.342024028125 0.94348546875 0.3371992453125 0.9406637984374999 0.33415201250000004 0.9446141359375 0.32907329218750003 0.94348546875 0.3252642515625 0.9468714734375 0.32018553125000004 0.948000140625 0.3173922359375 0.9525148140624999 0.3128213875 0.95364348125 0.3100280921875 0.9592868234375 0.305965115625 0.9632371609374999 0.3045684671875 0.9674696671875 0.310282028125 0.9750881765624999 0.3260260609375 0.9824245203124999 0.35446689375 0.977909846875 0.3679255015625 0.97847418125 0.3757975171875 0.9846818562500002 0.38214591875 0.997661540625 0.384537390625 1 0.38566451874999996 1
0 0.18255221562499999 0.9807315187500001 0.1853455109375 0.9745238437499999 0.1896624234375 0.9700091703125 0.1924557203125 0.9626728265625001 0.1960108234375 0.9592868234375 0.1981692796875 0.9516683125000001 0.2013434796875 0.94743580625 0.20439071250000002 0.9395351296874999 0.20718400781250002 0.9367134593750001 0.2107391125 0.9271197796875 0.21378634531250001 0.924298109375 0.21759538437499998 0.9163974328125001 0.22648314531249997 0.9101897578125001 0.2343551609375 0.913011428125 0.2375293609375 0.90934325625 0.23829116875 0.8946705703125 0.23702148906249998 0.8873342265625 0.2286416015625 0.860246190625 0.2234359125 0.8481130078125 0.21480208906249998 0.8362619921875 0.2103582078125 0.8376728265625001 0.20934246406249998 0.8450091703125 0.2116278890625 0.8613748593749999 0.2078188484375 0.8794335499999999 0.203248 0.8878985609375001 0.2021052875 0.894388403125 0.197534440625 0.8966457390624999 0.19562992031249998 0.9059572515625 0.19156694375 0.909907590625 0.189916359375 0.91865476875 0.1861073203125 0.9209121046875002 0.1844567359375 0.9307879515625 0.1802667921875 0.9338917890625 0.17887014375000002 0.9432033015624999 0.17455323125 0.9499753109375 0.1742992953125 0.9584403218750002 0.1704902546875 0.9640836625 0.1699823828125 0.9753703437500001 0.16795089531250001 0.9843996890625 0.1704902546875 0.9894786968750001 0.18255221562499999 0.9807315187500001
0 0.110307421875 0.9951220375000001 0.111323165625 0.9872213593750001 0.11411646093750001 0.9781920140625001 0.11411646093750001 0.9680340015625 0.1158940140625 0.9618263265625 0.11614795 0.9494109765625 0.1174176296875 0.9415102984375 0.11690975781249999 0.9313522859375001 0.119703053125 0.87209720625 0.1222424140625 0.860810525 0.1308762375 0.8438805015625 0.131384109375 0.8342868234375 0.12668629375 0.819896303125 0.112465878125 0.81538163125 0.0944364203125 0.81538163125 0.0922779640625 0.8179211343749999 0.099642109375 0.8376728265625001 0.10268934062499999 0.8551671843750001 0.1019275328125 0.871532871875 0.1034511484375 0.8794335499999999 0.10141966093749999 0.8878985609375001 0.10294327656249999 0.897492240625 0.101673596875 0.9053929171874999 0.10218146875 0.9155509312500001 0.10116572500000001 0.9234516078125001 0.1009117890625 0.95053964375 0.1019275328125 0.95674731875 0.10141966093749999 0.9680340015625 0.1034511484375 0.9748060109375001 0.1034511484375 0.9855283578125 0.1067523171875 0.9985080421875001 0.110307421875 0.9951220375000001
0 0.26520838593749996 0.8235644750000001 0.27549279531250004 0.8040949484375 0.279301834375 0.8012732781249999 0.2823490671875 0.7950656031250001 0.28615810625 0.7916795999999999 0.28996714687499997 0.783778921875 0.2937761875 0.7815215859375 0.29707735468749996 0.7736209078125 0.3008863953125 0.7702349046875 0.30317181875 0.7645915625 0.3077426671875 0.75951255625 0.30964718750000003 0.7513297124999999 0.31421803593750003 0.7428647015625 0.316503459375 0.7355283578125 0.3180270765625 0.7287563484375 0.316630428125 0.722830840625 0.31383713125 0.7217021734375 0.2960616109375 0.734117521875 0.2785400265625 0.7572552203124999 0.2742231140625 0.760076890625 0.27092194687500004 0.7668489 0.266605034375 0.7685419015624999 0.2640656734375 0.7741852421875001 0.25619365781250003 0.7809572515625 0.24933738593750002 0.7820859203125 0.2380372328125 0.7767247453125 0.23727542499999998 0.781803753125 0.24362382500000002 0.8094561234375 0.2502261625 0.8359798250000001 0.25581275468750003 0.85460285 0.2578442421875 0.8579888546875001 0.26520838593749996 0.8235644750000001
0 0.175061103125 0.6582145875000001 0.175061103125 0.6491852421875001 0.168585734375 0.63140871875 0.1651575984375 0.6271762140625 0.1624912703125 0.6173003671874999 0.15868223125 0.61504303125 0.1571586140625 0.6077066875 0.1520798953125 0.6037563484375 0.1508102140625 0.595855671875 0.145223621875 0.5941626687499999 0.1426842625 0.5851333234375 0.1386212859375 0.5845689890625 0.1360819265625 0.576103978125 0.13100320625 0.5732823078125 0.12871778125 0.5670746328125 0.1242739015625 0.560584790625 0.123004221875 0.5459121046875 0.11894124531250001 0.5391400953125001 0.11627491718750001 0.522492240625 0.11475130156249999 0.5202349046875 0.111196196875 0.52192790625 0.10624444531249999 0.530675084375 0.0998960453125 0.5504267781250001 0.0960870046875 0.5696141359375 0.09583306875 0.5763861453125 0.0960870046875 0.581465153125 0.09773758906249999 0.5862619921875 0.10357811718750001 0.5868263265625 0.1047208296875 0.5888014953124999 0.1052287015625 0.60460285 0.1061174765625 0.60657801875 0.1104343890625 0.60657801875 0.118814278125 0.602063346875 0.1259244859375 0.6060136843749999 0.130495334375 0.614478696875 0.1337965015625 0.6161716984375 0.13658979843750002 0.6229437078125 0.139890965625 0.62520104375 0.1426842625 0.633101721875 0.1467472390625 0.6336660546874999 0.1492865984375 0.6410023984375 0.1541113828125 0.6438240687500001 0.155888934375 0.6483387421875 0.16071371875 0.6517247453125 0.16274520625 0.65623941875 0.1668081828125 0.6545464171875001 0.1732835515625 0.6582145875000001 0.175061103125 0.6582145875000001
0 0.6856215203125 0.4796875 0.689126275 0.5182397953125 0.4890625 0.7104579328125 0.4890625 1 0.51525659375 1 0.8319834187499999 0.6866071421875001 0.9646364796875 0.6866071421875001 0.9952487250000001 0.6661989796875 1 0.642442603125 1 0.5670508375 0.9748405609375 0.5131377546875 0.942983175 0.4796875 0.6856215203125 0.4796875