0 0.10859375 0.01796875 0.01484375 0.02109375
0 0.25703125 0.0625 0.015625 0.0203125
0 0.38515625 0.0125 0.0203125 0.025
0 0.13828125 0.2390625 0.0171875 0.01953125
0 0.159375 0.2203125 0.015625 0.0203125
0 0.17578125 0.20078125 0.01484375 0.02265625
0 0.19765625 0.18359375 0.015625 0.02109375
0 0.028125 0.00859375 0.01875 0.0171875
0 0.040625 0.03046875 0.01953125 0.03046875
0 0.5 0 0.5 0.061387923437500005 0.622494103125 0.10179834843749999 0.7357016515625 0.0923643875 0.6696639156249999 0.04047759375 0.5941922171875 0.0121757078125 0.5431702046875 0 0.5 0
0 0.5 0.22362912812500002 0.5234375 0.21972287812500002 0.5706073109375 0.2291568390625 0.8819280656250001 0.172553065625 0.9479658015624999 0.1253832546875 0.9055129718749999 0.0970813671875 0.5 0.16908834374999998 0.5 0.22362912812500002
0 0.038167009375 0.2796875 0.0096108484375 0.2905660375 0 0.2845147625 0 0.700399634375 0.0473466984375 0.7056603781249999 0.089799528125 0.682075471875 0.11810141562500001 0.6301886796874999 0.11338443437500001 0.5264150937500001 0.1322523578125 0.5028301890625 0.490742925 0.28584905625 0.4913030671875 0.2796875 0.038167009375 0.2796875
0 0.5 0.714862175 0.42470518906250004 0.6160377359375 0.38696933906250003 0.6113207546874999 0.363384434375 0.653773584375 0.349233490625 0.7622641515625 0.3622009015625 1 0.4311103515625 1 0.49545990624999997 0.932075471875 0.5 0.932075471875 0.5 0.714862175
0 0.5 0.61194975 0.5376090109375 0.631291528125 0.5376090109375 0.6479028234374999 0.5475757890625 0.6661752484375001 0.5442535296875 0.674480896875 0.5542203078125001 0.6927533218749999 0.5508980484375 0.7010589703125001 0.5575425671875001 0.706042359375 0.5741538625 0.76418189375 0.570831603125 0.7758098 0.5807983796875 0.785776578125 0.5791372515625 0.8023878734375 0.5907651578124999 0.810693521875 0.589104028125 0.822321428125 0.595748546875 0.8289659468749999 0.6090375828125 0.8871054812499999 0.6455824328124999 0.9103612953125001 0.6605326 0.890427740625 0.6455824328124999 0.8090323921875001 0.6489046921874999 0.79574335625 0.6372767859375 0.7824543187499999 0.642260175 0.7691652828125 0.6306322671875 0.757537375 0.6356156562499999 0.742587209375 0.6239877484375 0.7309593015625 0.6289711375 0.717670265625 0.6156821015625 0.706042359375 0.6223266203125 0.6927533218749999 0.6090375828125 0.6827865453124999 0.614020971875 0.667836378125 0.6007319359375 0.6595307312500001 0.60405419375 0.6429194359375 0.5940874171875 0.631291528125 0.595748546875 0.6113579734375 0.620665490625 0.5681686046875 0.620665490625 0.55986295625 0.60820701875 0.5557101328125 0.511861503125 0.5806270765624999 0.5 0.588230603125 0.5 0.61194975