0 0.26875 0.1890625 0.315625 0.0796875
0 0.11072552656250001 0 0.11427725156249999 0.0042610609375 0.1125 0.012256796875 0.11960900468749999 0.015721615624999997 0.11605450312500001 0.02105210625 0.1237559234375 0.0285147921875 0.1207938390625 0.0335787578125 0.1273104265625 0.0375766265625 0.12790284375 0.0421075421875 0.125533175 0.045838885937500004 0.1326421796875 0.049836753125 0.13086492968750002 0.0546341953125 0.139751184375 0.0610307828125 0.14093601875 0.0666277984375 0.1468601890625 0.06929304375 0.1545616109375 0.077555303125 0.1610781984375 0.079420975 0.16611374375000001 0.0792877125 0.17174170625000001 0.07595615624999999 0.1752962078125 0.067160846875 0.174111375 0.060497734375 0.1788507109375 0.054367670312500005 0.1747037921875 0.0511693765625 0.17707345937500002 0.0453058375 0.1711492890625 0.038109674999999996 0.1752962078125 0.033312232812499995 0.168187203125 0.026649120312500003 0.1687796203125 0.0234508265625 0.17292654062499999 0.02051905625 0.166409953125 0.0173207625 0.1646327015625 0.01412246875 0.166409953125 0.010124600000000001 0.1711492890625 0.008258928124999999 0.16611374375000001 0.007326092187499999 0.1610781984375 0.0042610609375 0.1610781984375 0 0.11072552656250001 0
0 0.5641497578125 0 0.56805555625 0.0199728265625 0.57194444375 0.05455780624999999 0.5713888890625001 0.0891427859375 0.56805555625 0.1039649203125 0.5475 0.132621046875 0.54305555625 0.145466896875 0.54305555625 0.1593008890625 0.54694444375 0.1741230234375 0.5566666671875 0.1884510875 0.5722222218749999 0.1993206515625 0.58694444375 0.20277915000000002 0.6088888890625 0.1993206515625 0.625 0.18746294531250002 0.6375 0.16720602812500002 0.63805555625 0.145466896875 0.6336111109375 0.1316329046875 0.617222221875 0.1113759875 0.609722221875 0.09309535625000001 0.60805555625 0.055545948437500006 0.6113888890625 0.0407238140625 0.605277778125 0.0150321140625 0.60781319375 0 0.5641497578125 0
0 0.5 0.52415 0.4751041671875 0.5351041671875001 0.45843749999999994 0.5351041671875001 0.43843750000000004 0.5301041671875 0.4301041671875 0.5201041671875 0.41677083281250005 0.5217708328125 0.4051041671875 0.5101041671875001 0.3934375 0.5134375 0.3851041671875 0.5034375 0.3717708328125 0.5034375 0.36343749999999997 0.4951041671875 0.3484375 0.4967708328125 0.3384375 0.48510416718750005 0.3251041671875 0.48677083281249994 0.3134375 0.4767708328125 0.3017708328125 0.4801041671875 0.2884375 0.47010416718750003 0.2617708328125 0.46677083281250004 0.21593749999999998 0.47427083281249993 0.2634375 0.5201041671875 0.3417708328125 0.5451041671875 0.35510416718750004 0.5551041671875 0.39010416718749996 0.5601041671875 0.3984375 0.5701041671875 0.4484375 0.5867708328125 0.47093749999999995 0.6309375 0.4859375 0.6276041671874999 0.5 0.6022916687500001 0.5 0.52415
0 0.2914453125 1 0.29093749999999996 0.9959374999999999 0.30093749999999997 0.9876041671875001 0.2992708328125 0.9692708328125 0.3092708328125 0.9626041671875001 0.3042708328125 0.9526041671875 0.3159375 0.9376041671875001 0.3126041671875 0.9242708328125001 0.3242708328125 0.9126041671875 0.3192708328125 0.8992708328125001 0.3309375 0.8909375 0.32760416718749996 0.8742708328125002 0.3359375 0.8626041671875001 0.3309375 0.8509375 0.34260416718750003 0.8409375000000001 0.3359375 0.8326041671875 0.34260416718750003 0.8159375000000001 0.3334375 0.7817708328125 0.3126041671875 0.8126041671875001 0.30093749999999997 0.8192708328125 0.29093749999999996 0.8409375000000001 0.2388550875 1 0.2914453125 1
0 0.4467708328125 0.7434375 0.4609375 0.7226041671875001 0.4759375 0.6726041671875 0.46510416718750003 0.6684375 0.44343750000000004 0.6734375 0.41510416718750004 0.6584375 0.3884375 0.6534375 0.37093750000000003 0.6792708328125 0.3692708328125 0.6992708328124999 0.4134375 0.7134375000000001 0.4376041671875 0.7442708328125001 0.4467708328125 0.7434375
0 0.19726185624999998 1 0.2442708328125 0.7076041671875 0.2509375 0.6276041671874999 0.2734375 0.6267708328125 0.28260416718750003 0.6159375 0.2734375 0.5884375000000001 0.2267708328125 0.5767708328125 0.1951041671875 0.5767708328125 0.1809375 0.5909375 0.1842708328125 0.6076041671875 0.2026041671875 0.6192708328125001 0.2009375 0.6442708328125001 0.14007528281249998 1 0.19726185624999998 1
0 0.408247996875 1 0.45093750000000005 0.9126041671875 0.4501041671875 0.8917708328125 0.41510416718750004 0.8767708328125 0.4059375 0.8792708328125001 0.3460040921875 1 0.408247996875 1
0 1 0.564859325 0.51 0.46875 0.5 0.4677696078125 0.5 0.5288894703125 0.8283333328125 0.5920833328125 1 0.617205284375 1 0.564859325
0 0.6583333328125 0.82875 0.7366666671875001 0.7737499999999999 0.745 0.7604166671874999 0.8400000000000001 0.67875 0.8958333328125001 0.68125 0.8283333328125 0.5920833328125 0.8158333328125 0.5945833328125 0.8125 0.6445833328124999 0.7875 0.66125 0.7816666671875 0.6754166671874999 0.7683333328125 0.6770833328125001 0.7658333328125 0.6879166671875 0.75 0.69375 0.7441666671875 0.7079166671875 0.7316666671875 0.7104166671875 0.705 0.7420833328125 0.6933333328125 0.74375 0.6908333328125 0.7545833328125 0.6741666671875001 0.7629166671875 0.6683333328125001 0.7770833328125001 0.6575 0.7779166671875 0.6325000000000001 0.8345833328125 0.6583333328125 0.82875
0 1 0.9148697109375 0.7884839734375 1 0.9447786453125001 1 0.9766666671875001 0.9870833328125 1 0.9760098875000001 1 0.9148697109375