0 0.08808203125 0.36875 0.0718125 0.310902778125 0.059687500000000004 0.282847221875 0.0581875 0.28006944375 0.056937499999999995 0.280625 0.0555625 0.28256944375000004 0.0550625 0.28756944375 0.0560625 0.303125 0.058812500000000004 0.3120138890625 0.058812500000000004 0.3220138890625 0.061812500000000006 0.330347221875 0.0620625 0.340347221875 0.0650625 0.3464583328125 0.0663125 0.3564583328125 0.07038815781249999 0.36875 0.08808203125 0.36875
0 0.2163878671875 0.36875 0.21531250000000002 0.36423611093749997 0.21781250000000002 0.3564583328125 0.21556250000000002 0.34756944375 0.2168125 0.3392361109375 0.21581250000000002 0.32756944374999997 0.2165625 0.3120138890625 0.2190625 0.29812500000000003 0.22731249999999997 0.27868055625 0.22668750000000001 0.27618055625000004 0.2191875 0.27451388906249996 0.21568749999999998 0.27118055625 0.2049375 0.2717361109375 0.1999375 0.27506944375 0.1951875 0.27506944375 0.1891875 0.2795138890625 0.1883125 0.28312499999999996 0.1890625 0.295347221875 0.1960625 0.310902778125 0.1983125 0.32145833281249997 0.19976349375 0.36875 0.2163878671875 0.36875
0 0.09716406250000001 0 0.0949375 0.0039583328125 0.0871875 0.01006944375 0.0850625 0.0164583328125 0.0864375 0.02118055625 0.0926875 0.0267361109375 0.09768750000000001 0.0267361109375 0.1014375 0.0322916671875 0.10593749999999999 0.0295138890625 0.10918749999999999 0.034513889062500004 0.1131875 0.0295138890625 0.1174375 0.034513889062500004 0.12068749999999999 0.0295138890625 0.12493749999999999 0.0339583328125 0.1286875 0.03006944375 0.1331875 0.032847221875 0.13668750000000002 0.028958332812499998 0.1404375 0.0339583328125 0.1451875 0.033402778125 0.1504375 0.0367361109375 0.1586875 0.0517361109375 0.1608125 0.05256944375 0.1638125 0.042569443750000005 0.1675625 0.0370138890625 0.1685625 0.030902778125000002 0.168398896875 0 0.101760415625 0 0.1016875 0.00006944374999999999 0.1011562546875 0 0.09716406250000001 0
0 0.37443181875 1 0.3765625 0.96484375 0.371875 0.95078125 0.35390625 0.9390625 0 0.9249599734375 0 0.9970089281250001 0.05234375 1 0.37443181875 1
0 0.2265625 0.61171875 0.225 0.59140625 0.20234375 0.5671875 0.17734375 0.578125 0.15234375 0.603125 0.128125 0.60703125 0.1453125 0.64140625 0.16171875 0.6609375 0.1796875 0.66953125 0.190625 0.64140625 0.2265625 0.61171875
0 0.5296875 0.5636689374999999 0.4953125 0.47734375 0.49375 0.46484375 0.5046875 0.45078125 0.503125 0.43515625 0.48359375 0.421875 0.44140625 0.4296875 0.4109375 0.45546875 0.4125 0.47734375 0.42109375 0.4859375 0.43828125 0.4875 0.45 0.50703125 0.5296875 0.705941134375 0.5296875 0.5636689374999999
0 0.4234375 0.43515625 0.36953125 0.4296875 0.32578125 0.440625 0.31640625 0.4484375 0.30390625 0.446875 0.29765625 0.453125 0.26015625 0.459375 0.25078125 0.4671875 0.18984375 0.4828125 0.18203125 0.490625 0.13515625 0.4609375 0.1328125 0.47109375 0.153125 0.53828125 0.1671875 0.57109375 0.1765625 0.57265625 0.19765625 0.5296875 0.21953125 0.528125 0.22890625 0.5203125 0.24296875 0.521875 0.25234375 0.5125 0.26484375 0.515625 0.27265625 0.5078125 0.28828125 0.5078125 0.29453125 0.5 0.35234375 0.4875 0.39609375 0.4671875 0.4234375 0.43515625
0 0.734375 0.63046875 0.7375 0.63828125 0.75234375 0.6578125 0.7671875 0.65859375 0.80859375 0.6390625 0.8296875 0.61953125 0.8359375 0.59921875 0.81640625 0.578125 0.7890625 0.57578125 0.7421875 0.49296875 0.72578125 0.475 0.71328125 0.475 0.69140625 0.4890625 0.6828125 0.50546875 0.74375 0.60234375 0.734375 0.63046875
0 1 0.45732421875 0.98515625 0.4703125 0.96796875 0.459375 0.88671875 0.4375 0.87734375 0.4359375 0.865625 0.44453125 0.85625 0.46953125 0.86328125 0.4890625 0.97109375 0.5171875 0.984375 0.55234375 1 0.5568080359375001 1 0.45732421875
0 1 0.7004065328125 0.98203125 0.7 0.92421875 0.7015625 0.91328125 0.7171875 0.909375 0.66328125 0.90234375 0.653125 0.88984375 0.653125 0.86953125 0.6578125 0.8625 0.67578125 0.8609375 0.79140625 0.8640625 0.80703125 0.8734375 0.81171875 0.8671875 0.81484375 0.89375 0.82421875 0.9046875 0.81640625 0.91171875 0.778125 1 0.778762409375 1 0.7004065328125
0 1 0.8076322109374999 0.98046875 0.803125 0.95546875 0.809375 0.946875 0.82265625 0.95 0.85234375 0.8578125 0.92265625 0.859375 0.93828125 0.8828125 0.95703125 0.97734375 0.8890625 1 0.8931818187499999 1 0.8076322109374999