0 0.2921875 0.12578125 0.0203125 0.0296875
0 0.2421875 0.46484375 0.02734375 0.03203125
0 0.4125 0.42734375 0.0265625 0.028125
0 0.1984375 0.24453125 0.03125 0.02265625
0 0.20546875 0.22578125 0.01953125 0.021875
0 0.2953125 0.1984375 0.01796875 0.02734375
0 0.309375 0.209375 0.02265625 0.03671875
0 0.3609375 0.17578125 0.01953125 0.02890625
0 0.10390625 0.20546875 0.021875 0.034375
0 0.5796875 0.48139857968750005 0.614330446875 0.49296320937500004 0.6255467968749999 0.49340647187500003 0.631778103125 0.4814383859375 0.622805021875 0.4530695921875 0.6133334375 0.43179299687499995 0.60984390625 0.40253767656250006 0.6058558703125 0.38658023125 0.60286484375 0.38214760625 0.6038618515625 0.3750554078125 0.61133941875 0.3617575359375 0.6073513828125 0.3431405140625 0.6108409140625 0.3271830671875 0.6153274546875 0.31920434375 0.612336428125 0.30590647187500003 0.6128349328125 0.28817597500000003 0.619315490625 0.274878103125 0.6163244640625 0.2677859046875 0.6163244640625 0.25980718125 0.6208110046875001 0.23498448593750002 0.6208110046875001 0.2030695921875 0.623054275 0.19642065625 0.62579605 0.19597739375 0.62579605 0.1888851953125 0.6223065171875 0.180019946875 0.6223065171875 0.1578568265625 0.6243005359375 0.1534242015625 0.6198139953124999 0.1410128546875 0.621309509375 0.10377881250000001 0.6198139953124999 0.08072916718749999 0.617570725 0.0767398046875 0.614330446875 0.082502215625 0.608846896875 0.1073249109375 0.6013693296875 0.1241688828125 0.6038618515625 0.13303413125000002 0.599873815625 0.149878103125 0.5913992390625 0.1605164 0.594888771875 0.1747007984375 0.5938917625 0.18533909531249998 0.5844201765625 0.2030695921875 0.5889067171875 0.21636746406250001 0.5879097078125 0.2314383859375 0.5811798984375 0.2380873234375 0.5796875 0.2430162453125 0.5796875 0.24483709843749998 0.5844201765625 0.2633532796875 0.5829246640625 0.273105053125 0.5796875 0.27845071875 0.5796875 0.2966079359375 0.5809306453125 0.3005873234375 0.5804321406249999 0.3103390953125 0.5796875 0.3149739609375 0.5796875 0.48139857968750005
0 0.215932575 1 0.22044547812499998 0.9872637046874999 0.2254986703125 0.9830103968749999 0.22922207499999997 0.9556001890625 0.23879654218750002 0.9518194703125001 0.24039228750000002 0.9329158796874999 0.24491356406250003 0.9324432890625001 0.249434840625 0.926299621875 0.252094415625 0.9092863890625 0.25714760625 0.9021975421875 0.264594415625 0.9059782609375 0.2672539890625 0.9040879015625001 0.26964760625 0.8969990546875 0.270179521875 0.883766540625 0.2762965421875 0.8757325140625 0.28374335156249997 0.878568053125 0.285605053125 0.8563563328124999 0.2927859046875 0.846431946875 0.2983710109375 0.845014178125 0.29730718125 0.82516540625 0.2922539890625 0.8171313796874999 0.2762965421875 0.8180765593749999 0.27044547812499997 0.8294187140625 0.2624667546875 0.8331994328124999 0.252360371875 0.8303638937500001 0.24783909531249998 0.8383979203124999 0.24677526562500002 0.8469045375 0.24172207499999998 0.8539933843749999 0.2310837765625 0.8511578453125 0.2297539890625 0.8676984875 0.225764628125 0.8757325140625 0.21725398906249999 0.885184309375 0.2100731390625 0.8828213609375 0.21113696875 0.9036153125 0.202360371875 0.9220463140625 0.1935837765625 0.9244092625 0.1935837765625 0.9319707000000002 0.196775265625 0.93858695625 0.195179521875 0.9470935734375001 0.1887965421875 0.9546550093749999 0.1840093078125 0.9716682421874999 0.1699135640625 0.995770321875 0.16210833281249998 1 0.215932575 1
0 1 1 1 0.7174226640625 0.9371846328125001 0.72088068125 0.8637901375 0.7617897734375 0.8041571093750001 0.8345170453125 0.7995699546875 0.9345170453125 0.8500286703125 0.9754261359375 0.9555332562500001 0.9617897734374999 0.9910091734375002 1 1 1