0 0.55 0 0.48089352031250004 0 0.152841378125 0.35676567656249997 0.1495410484375 0.37821782187499997 0.1726433578125 0.39966996718750003 0.189970090625 0.3938943890625 0.33600969531249997 0.242904290625 0.55 0.0036561125 0.55 0
0 0.3368608328125 0 0.3343595296875 0.0118811875 0.34178527187499996 0.016006600000000003 0.3599370875 0.001155115625 0.369838078125 0.0143564359375 0.41851794531250003 0.031683168750000004 0.4300691 0.021782178125000003 0.433508390625 0 0.3368608328125 0
0 0.26670276406250004 0.21650165000000002 0.27082817656249997 0.194224421875 0.3104321375 0.17772277187500002 0.3244585390625 0.1636963703125 0.321158209375 0.140594059375 0.3021813125 0.11831683125 0.29063015625 0.11831683125 0.25762685625000004 0.1381188125 0.2460757015625 0.1579207921875 0.22462355625 0.1397689765625 0.21389748281249998 0.142244225 0.235349628125 0.2 0.2601021046875 0.2198019796875 0.26670276406250004 0.21650165000000002
0 0.6757498953125001 0 0.8042543312499999 0.306100453125 0.847158621875 0.3820080453125 0.8644853546875 0.3811829625 0.8950134078125 0.358905734375 0.8851124171875 0.3308529296875 0.8818120875 0.292899134375 0.75235390625 0 0.6757498953125001 0
0 0.55 0 0.55 0.020433215625 0.584782384375 0.0915790015625 0.6359375 0.170786921875 0.7398978953124999 0.368806725 0.788457034375 0.4390625 0.8491955453125 0.4390625 0.8455084578125 0.433163159375 0.8488087875 0.40181002499999996 0.8438582921875 0.38860870468750003 0.8356074671875 0.3820080453125 0.8314820546874999 0.36138098125 0.8240563125 0.3622060640625 0.826531559375 0.36963180625000003 0.8207559812499999 0.36550639375 0.814155321875 0.342404084375 0.772901196875 0.281347978125 0.711845090625 0.1526351078125 0.6247865484374999 0 0.55 0
0 0.55 0.22706673125000001 0.660689975 0.3539552390625 0.72999690625 0.408410684375 0.736597565625 0.408410684375 0.7349474015624999 0.3902588703125 0.7134952562500001 0.358905734375 0.7134952562500001 0.3473545796875 0.568280734375 0.1575856015625 0.5674556515625 0.09075391875 0.55 0.1017260421875 0.55 0.22706673125000001
0 0.13139880937499998 0.4390625 0.1248917078125 0.4514851484375 0.1265418734375 0.4696369640625 0.1389181109375 0.48531353125 0.1785220703125 0.483663365625 0.457399959375 0.7080858078125 0.55 0.777435621875 0.55 0.7039659015625 0.211646109375 0.4390625 0.13139880937499998 0.4390625
0 0.11975014218749999 1 0.1182910484375 0.9960396046875001 0.12324154218750001 0.9778877890625001 0.113340553125 0.966336634375 0.1166408828125 0.9547854781249999 0.1100402234375 0.9234323437499998 0.13644286249999998 0.8821782171875 0.1191161296875 0.8764026406250001 0.025056725000000002 0.892904290625 0.0143306515625 0.9036303625000001 0.05558477656250001 0.9333333328125001 0.058885107812500004 0.9531353140625001 0.0654857671875 0.9564356437499999 0.062185437499999996 0.9778877890625001 0.0704362625 0.9844884484375 0.067333953125 1 0.11975014218749999 1
0 0.3113603546875 0.7914191421875 0.31631085 0.76006600625 0.3055847765625 0.7526402640625001 0.30063428281250004 0.7559405937499999 0.25442966093749997 0.7427392734375 0.24617883593749998 0.74768976875 0.23875309374999998 0.7237623765625 0.2329775171875 0.72293729375 0.2189511140625 0.7666666671875 0.2173009484375 0.802970296875 0.23545276406250001 0.7947194718749999 0.24122834218749997 0.7691419140625 0.24782900156249998 0.7955445546875 0.28248246718750003 0.7971947187499999 0.298159034375 0.8046204625 0.3113603546875 0.7914191421875
0 0 0.5844343984375 0.019281146875 0.585148515625 0.01763098125 0.591749175 0.044033621875 0.641254125 0.05558477656250001 0.6445544546875001 0.088588078125 0.6297029703125 0.072086428125 0.5834983499999999 0.059710189062499995 0.5661716171875 0.0506342828125 0.5653465343749999 0.0506342828125 0.5537953796874999 0.067961015625 0.5463696375 0.06631085 0.5397689765625 0.039908209374999996 0.5447194718749999 0 0.5697466546875 0 0.5844343984375
0 1 0.4390625 0.55 0.4390625 0.55 0.6574390734375 0.581987028125 0.668101415625 1 0.668101415625 1 0.4390625