0 0.45 0 0.45 0.05038811875 0.5375943796875 0.1610843125 0.6248427015625 0.2583997484375 0.6365876671875 0.275178271875 0.6130977343749999 0.30537961406249997 0.6130977343749999 0.3188024328125 0.6223259234375 0.331386325 0.648332634375 0.337258809375 0.6877621640625 0.32635276874999997 0.7473259234375 0.275178271875 0.769138003125 0.23490981562500002 0.7657822984375 0.2147755875 0.751520553125 0.20386954687499997 0.733064178125 0.20386954687499997 0.692795721875 0.22568162812499998 0.6701447140625 0.186252096875 0.572829278125 0.06880243281250001 0.540950084375 0.0402789421875 0.50910161875 0 0.45 0
0 0.56639504375 0.3796875 0.567795721875 0.34397021875 0.5627621640625 0.31712458125 0.6089031046875 0.3095742453125 0.6198091437500001 0.2953125 0.6198091437500001 0.2768561234375 0.6089031046875 0.25588297031249996 0.5451447140625 0.23742659375000003 0.461252096875 0.244138003125 0.45 0.24788870312500003 0.45 0.3002726515625 0.45286283593750004 0.30286283593749996 0.487258809375 0.31712458125 0.48250719531249997 0.3796875 0.56639504375 0.3796875
0 0.45 0.5758068406250001 0 0.7859949296875001 0 0.8459768546875001 0.01200713125 0.845270553125 0.064020553125 0.8150692109375001 0.19321518437500002 0.759700084375 0.45 0.6349074625 0.45 0.5758068406250001
0 0.45 0.8670700499999999 0.44908766718750004 0.8679215609375 0.43063129218749996 0.8998007546875 0.42056417812499997 0.9048343124999999 0.418886325 0.9165792781250002 0.40546350625 0.9266463921875001 0.38868498281249997 0.9753041109375001 0.38868498281249997 0.99879404375 0.4440541109375 0.9736262578125 0.44740981562500004 0.9585255874999999 0.45 0.9559354031249999 0.45 0.8670700499999999
0 0.45 0.7873943125 0.4197252515625 0.7630557890625 0.3945574671875 0.764733640625 0.38700713124999997 0.7722839765625 0.38700713124999997 0.7840289421875 0.3970742453125 0.8058410234375 0.389523909375 0.80667995 0.331638003125 0.8679215609375 0.21731204218750003 1 0.2935760640625 1 0.42895343906249994 0.8461094796874999 0.436503775 0.8385591437500001 0.45 0.8410896859375001 0.45 0.7873943125
0 0.22047428593750001 0.3796875 0.076604446875 0.537384646875 0.076604446875 0.5558410234375 0.10009437968749998 0.5776531046875 0.11938968125 0.57010276875 0.2343225671875 0.45181417812499997 0.299842221875 0.3796875 0.22047428593750001 0.3796875
0 0.6273458515625 0.3796875 0.7730914421875 0.7172818796875 0.7546350671875001 0.7374161078125001 0.7546350671875001 0.7458053687499999 0.76050755 0.7550335578125 0.779802853125 0.7592281875 0.8058095640625 0.7550335578125 0.8444001671875 0.73657718125 0.85362835625 0.725671140625 0.85362835625 0.7105704703125 0.8444001671875 0.703020134375 0.8259437921874999 0.7046979859375 0.8183934562499999 0.6971476515624999 0.68779948125 0.3796875 0.6273458515625 0.3796875
0 0.5600041953125 0.49244966406249996 0.565876678125 0.46644295312499995 0.597755871875 0.4630872484375 0.6271182890625 0.44714765156249997 0.63047399375 0.428691275 0.6178901 0.4077181203125 0.5893666109375 0.4077181203125 0.5558095640625 0.42114093906249994 0.53231963125 0.4093959734375 0.521413590625 0.41359060468750003 0.5230914421875 0.457214765625 0.5499370812500001 0.5008389265625001 0.5600041953125 0.49244966406249996
0 0.45 0.3796875 0.45 0.5044710953125 0.5079907718750001 0.64681208125 0.534836409375 0.693791946875 0.5700713093750001 0.7978187921875 0.5549706375 0.8229865765625 0.5734270140625 0.8397650999999999 0.592722315625 0.8389261749999999 0.6363464765625 0.8221476515624999 0.6522860734375 0.8078859062500001 0.6522860734375 0.787751678125 0.63970218125 0.778523490625 0.6229236578125 0.7818791953125 0.6086619125 0.7575503359375 0.458899203125 0.3796875 0.45 0.3796875
0 0.45 1 0.6589974828124999 1 0.6589974828124999 0.9706375843749999 0.6539639265625 0.9253355703124999 0.6480914421875 0.9194630874999999 0.6027894296875 0.9563758390625001 0.458494128125 0.9614093953125 0.45 0.965656459375 0.45 1
0 0.45 0.7169952453125 0.4668833890625 0.7181208046875 0.5012793625 0.76761745 0.5188968125 0.7651006718750001 0.5432256718749999 0.7407718125 0.5046350671875001 0.6870805375 0.5088296984375 0.6661073828124999 0.4668833890625 0.681208053125 0.45 0.6953535953125 0.45 0.7169952453125