0 0.459375 0.139957996875 0.3915322578125 0.195362903125 0.3963709671875 0.2179435484375 0.420564515625 0.24052419375 0.44072580625 0.22842741875 0.459375 0.2101588203125 0.459375 0.139957996875
0 0.459375 0.22268145156250002 0.41330645156249995 0.26875 0.34072580625 0.31552419375 0.3383064515625 0.335685484375 0.3625 0.3631048390625 0.37459677343750003 0.3622983875 0.4310483875 0.32197580625 0.459375 0.3047335203125 0.459375 0.22268145156250002
0 0.288333696875 0 0.2947580640625 0.0792338703125 0.30282258125 0.10342741875000001 0.2713709671875 0.12197580625 0.25282258125 0.14697580625 0.2649193546875 0.1622983875 0.28588709687499997 0.167137096875 0.298790321875 0.1832661296875 0.323790321875 0.1872983875 0.3504032265625 0.1864919359375 0.41169354843750006 0.167137096875 0.42862903281250003 0.148588709375 0.4318548390625 0.12116935468750001 0.41653225781250003 0.10745967812499999 0.3802419359375 0.09697580624999999 0.373790321875 0.0163306453125 0.370766128125 0 0.288333696875 0
0 0 0.11955645468750001 0.001209678125 0.1292338703125 0.11008064531249999 0.1816532265625 0.11572580625 0.2147177421875 0.1350806453125 0.2260080640625 0.1600806453125 0.220362903125 0.1818548390625 0.19697580625 0.1915322578125 0.16794354843749998 0.1883064515625 0.13407258125 0.1729838703125 0.12197580625 0.1552419359375 0.120362903125 0.12782258124999998 0.13810483906249998 0.03427419375 0.0961693546875 0.0116935484375 0.0945564515625 0 0.11560483749999999 0 0.11955645468750001
0 0 0.36587854375 0.25604838750000003 0.395362903125 0.2729838703125 0.3961693546875 0.2786290328125 0.38891129062499996 0.2745967734375 0.3381048390625 0 0.2990163296875 0 0.36587854375
0 0.756142240625 0.454011825 0.8033024843749998 0.40626407656249997 0.8182619171875001 0.382390203125 0.8218116125 0.3625703828125 0.819022565625 0.3558136265625 0.7865682046875 0.34139921093750003 0.7604525859375 0.3067145265625 0.7594383875 0.2913992109375 0.751831896875 0.28509290468750004 0.746760903125 0.2688766890625 0.7492964000000001 0.25446227499999996 0.7404221609375 0.2504082203125 0.73357631875 0.23284065312500002 0.7361118156249999 0.21842623906249997 0.7267304765625 0.21347128437500001 0.720898834375 0.19860641875 0.7203917343749999 0.189597409375 0.72292723125 0.182390203125 0.7135458921875 0.1783361484375 0.7087284484375 0.1670748875 0.70720715 0.151759571875 0.7092355484375 0.1463541671875 0.7013755078124999 0.14590371562499999 0.69199416875 0.13013795 0.6892051218749999 0.11707488749999999 0.6821057296874999 0.1152730859375 0.67120309375 0.089597409375 0.657257859375 0.0693271390625 0.6554830125000001 0.076083896875 0.66106110625 0.10401182499999999 0.66106110625 0.1247325453125 0.6666391984375 0.13374155468749999 0.6691746953125 0.1436514640625 0.6666391984375 0.163471284375 0.668414046875 0.16932713906250002 0.6750063390625 0.17293074375 0.678302484375 0.182390203125 0.6772882859375 0.20491272500000002 0.69199416875 0.21842623906249997 0.688444471875 0.2409487609375 0.6937690156249999 0.24860641874999997 0.7003613078125 0.251309121875 0.70264325625 0.257164978125 0.70162905625 0.276984796875 0.704925203125 0.2837415546875 0.71202459375 0.28554335625 0.715320740625 0.2923001125 0.7163349390625 0.3166244375 0.7272375765625 0.32248029218749996 0.7300266234375 0.3283361484375 0.735604715625 0.3850929046875 0.731040821875 0.44995777031250006 0.7343369671875 0.4567145265625 0.740675709375 0.46076858125 0.756142240625 0.454011825
0 0.459375 0.7303931453125 0.4173891125 0.7723790328125 0.42222782187499996 0.7868951609375 0.44319556406249994 0.8046370968750001 0.459375 0.7925667234375 0.459375 0.7303931453125
0 0.459375 0.8334208140625 0.43916330625000005 0.8215725812500001 0.41416330625000003 0.8256048390625 0.399647178125 0.8578629031249999 0.399647178125 0.8788306453124999 0.37222782187500003 0.8917338703125001 0.37222782187500003 0.8997983875 0.38916330625 0.9135080640625001 0.42222782187499996 0.9239919359375 0.44964717812500005 0.9223790328125 0.44964717812500005 0.90947580625 0.43835685468749996 0.8933467734375 0.4544858875 0.8756048390625001 0.459375 0.8617523531250001 0.459375 0.8334208140625
0 0.459375 0.66875 0.4194897125 0.66875 0.0895490015625 1 0.159995825 1 0.40529233906249995 0.7570564515625 0.459375 0.709819696875 0.459375 0.66875
0 0 1 0.0438125 1 0.2319052421875 0.7852822578125 0.2335181453125 0.7739919359374999 0.20851814531250001 0.7522177421875 0.19722782187500001 0.7506048390625 0.18835685468750002 0.757862903125 0 0.97384543125 0 1
0 1 0.8772732890625001 0.9723286296874999 0.8908266125000001 0.8916834671875 0.9182459671875 0.8384576609375 0.9037298390625 0.8489415328125001 0.954536290625 0.8722877624999998 1 0.8887395781249999 1 0.899747984375 0.9617943546875001 0.9255544359375001 0.9569556453124999 1 0.925050403125 1 0.8772732890625001
0 0.6495844125 0.66875 0.690877015625 0.7529233875 0.7021673390625001 0.7835685484375 0.69248991875 0.804536290625 0.7021673390625001 0.8126008062500001 0.7239415328125001 0.8134072578125 0.7513608875 0.8021169359375 0.7650705640625001 0.7884072578125 0.7650705640625001 0.770665321875 0.740877015625 0.76260080625 0.7392641125 0.7416330640625001 0.7118447578125 0.66905241875 0.71172256875 0.66875 0.6495844125 0.66875