0 0.71875 0 0.67767273125 0 0.6757994187499999 0.014986503125 0.6625103828125 0.0266144109375 0.6558658640624999 0.046547965625 0.60769310625 0.478441653125 0.6047598390625 0.5390625 0.6858262640625 0.5390625 0.6973941031249999 0.3771127484375 0.71875 0.2325497546875 0.71875 0
0 0.38506540624999996 0 0.4025436046875 0.017478198437500002 0.4399190203125 0.0382423171875 0.4432412796875 0.0664815203125 0.4365967609375 0.07977055625 0.44490240937500003 0.0880762046875 0.4432412796875 0.1096708890625 0.45154692656249995 0.1246210546875 0.449885796875 0.16282703437499998 0.4581914453125 0.176116071875 0.46649709375 0.24920577187499998 0.4797861296875 0.3040230484375 0.5080253328125 0.3256177328125 0.5279588875 0.3090064375 0.5312811468749999 0.2940562703125 0.5229754984375 0.23425560625 0.5262977578125 0.2176443109375 0.5163309796875 0.20435527343749998 0.5213143687499999 0.1910662375 0.511347590625 0.17943833125 0.517992109375 0.1644881640625 0.5080253328125 0.1545213875 0.51466985 0.13791009062499998 0.50304194375 0.1246210546875 0.5080253328125 0.1129931484375 0.4980585546875 0.0997041109375 0.50304194375 0.08309281562500001 0.4947362953125 0.07312603749999999 0.49971968437500003 0.0565147421875 0.493075165625 0.049870225000000004 0.4914140359375 0.028275540625 0.5106010109375 0 0.38506540624999996 0
0 0.49224806093750006 0.5390625 0.493075165625 0.5365811875000001 0.463174834375 0.4485413203125 0.46483596406250005 0.43857454375 0.45486918593750003 0.42694663593750004 0.4581914453125 0.41365759999999996 0.4465635375 0.4003685625 0.4482246671875 0.385418396875 0.43493563125 0.3771127484375 0.4399190203125 0.3621625828125 0.4266299828125 0.348873546875 0.431613371875 0.335584509375 0.41998546562500005 0.3272788625 0.41998546562500005 0.3123286953125 0.41001868750000003 0.30236191875 0.4050352984375 0.280767234375 0.42995224218750006 0.2176443109375 0.4208160296875 0.21349148593749998 0.32280938593749997 0.2450529484375 0.3012147015625 0.2550197265625 0.2937396171875 0.2674781984375 0.3460652 0.2982090953125 0.3684904484375 0.330601121875 0.37679609687500004 0.37046823125 0.39839078125 0.410335340625 0.3967296515625 0.41864098906249997 0.4050352984375 0.42528550625 0.413340946875 0.46847487499999996 0.44158014999999995 0.5382423171874999 0.442072259375 0.5390625 0.49224806093750006 0.5390625
0 0.7296875 0.06640625 0.021875 0.0703125
0 0.93515625 0.5015625 0.0484375 0.06171875
0 0.7359375 0.40625 0.034375 0.084375
0 0.95703125 0.16171875 0.03984375 0.0453125
0 0.56640625 0.88359375 0.04921875 0.065625
0 0.65703125 0.7109375 0.05390625 0.05390625
0 0.1703125 0.771875 0.03125 0.04453125
0 0.20390625 0.86640625 0.03125 0.040625
0 0.075 0.94140625 0.02890625 0.0421875
0 0.671875 0.82265625 0.03359375 0.03828125
0 0.40390625 0.69140625 0.028125 0.0375