0 0.550448503125 0 0.6890931375 0.1688521234375 0.662949346875 0.1982638890625 0.6645833328124999 0.2080678109375 0.680923203125 0.21950571874999997 0.7095179734375 0.2170547390625 0.7650735296875 0.174571078125 0.7838643796875 0.15251225468750002 0.7822303921875 0.1247344765625 0.769975490625 0.1173815359375 0.7389297390625 0.13208741875000002 0.731576796875 0.1280024515625 0.716870915625 0.093688725 0.63656629375 0 0.550448503125 0
0 0.23483740156250002 0 0.2577205875 0.0887867640625 0.25935457500000003 0.11493055625 0.3002042484375 0.263623365625 0.2928513078125 0.27424428125 0.252818628125 0.28159722187499997 0.251184640625 0.3044730390625 0.270792484375 0.3240808828125 0.3010212421875 0.32326388906250003 0.37945261406249997 0.300388071875 0.40151143749999996 0.2864991828125 0.41948529375000004 0.2521854578125 0.41213235312499996 0.246466503125 0.3671977125 0.248917484375 0.3688317 0.22113970625 0.311033821875 0 0.23483740156250002 0
0 0.209375 0 0.209375 0.4 0.304831403125 0.4 0.305106209375 0.39924428125 0.29775326875 0.3771854578125 0.28631535937499997 0.372283496875 0.26180555625 0.37555147031249997 0.252818628125 0.36166258125 0.21850490156250002 0.0626429734375 0.2162130859375 0 0.209375 0
0 0.209375 0.6084152953124999 0.0279351640625 0.611083528125 0 0.6266030640625 0 0.7586189 0.0326080609375 0.7839807249999999 0.209375 0.781418884375 0.209375 0.6084152953124999
0 0.6490623921875 0.4 0.7174530234375001 0.5584150328125 0.6994791671875 0.5780228765625 0.6994791671875 0.5861928109375001 0.7051981203125 0.5951797390625 0.7239889703125 0.59926470625 0.74931576875 0.5951797390625 0.7868974671875 0.5772058828125 0.7958843953125 0.5665849671875 0.7958843953125 0.551879084375 0.7868974671875 0.54452614375 0.7689236109375 0.54616013125 0.7615706703125 0.5388071890624999 0.7044693843750001 0.4 0.6490623921875 0.4
0 0.4227029625 0.4 0.4592830875000001 0.48978758125 0.4854268796875 0.535539215625 0.5197406046874999 0.6368464046875 0.505034721875 0.661356209375 0.523008578125 0.6776960781250001 0.5417994281249999 0.6768790843750001 0.5842830875 0.660539215625 0.5998059640625 0.6466503265625001 0.5998059640625 0.627042484375 0.5875510625 0.6180555562500001 0.5712111921874999 0.6213235296875 0.5573223046875 0.59763071875 0.47899305625000005 0.4 0.4227029625 0.4
0 0.6063419124999999 0.8688725484375001 0.6063419124999999 0.8051470593750001 0.6014399515625 0.7610294124999999 0.595720996875 0.7553104578125 0.5516033499999999 0.7912581703124999 0.4110804734375 0.79616013125 0.39800857812499996 0.8026960781250001 0.38983864375 0.79616013125 0.37513276093750003 0.8026960781250001 0.362060865625 0.7994281046875 0.3056883171875 0.8247549015625001 0.309773284375 0.8321078437499999 0.3408190359375 0.840277778125 0.35225694375 0.8500816999999999 0.3669628265625 0.846813725 0.37513276093750003 0.8517156859374999 0.435590278125 0.8435457515625 0.451930146875 0.8484477125 0.46336805625000005 0.8419117640625 0.47643995156249996 0.846813725 0.4846098859375 0.8419117640625 0.525459559375 0.8451797390625 0.5581392968750001 0.840277778125 0.596537990625 0.8721405234375 0.6063419124999999 0.8688725484375001
0 0.469904003125 0.604983659375 0.49359681406250006 0.58129085 0.4560151140625 0.52900326875 0.46010008125000007 0.5085784312499999 0.41925040781249995 0.5232843140625001 0.38902165 0.5486111109375 0.3947406046875 0.5575980390625 0.41925040781249995 0.5592320265625 0.452747140625 0.607434640625 0.469904003125 0.604983659375
0 0.3079032765625 0.4 0.31222426406250003 0.40972222187499996 0.3056883171875 0.4244281046875 0.3154922390625 0.43259803906250005 0.310590278125 0.447303921875 0.3203942 0.45383986875 0.317126225 0.4685457515625 0.326930146875 0.4783496734375 0.328564134375 0.515931371875 0.33673406875 0.52900326875 0.33510008124999996 0.5420751640625 0.34327001562500004 0.5502450984375 0.3400020421875 0.5649509796875 0.3481719765625 0.5698529406249999 0.3563419125 0.609068628125 0.3318321078125 0.6515522875 0.33510008124999996 0.659722221875 0.39147263125 0.65073529375 0.442126225 0.6311274515624999 0.44457720624999997 0.623774509375 0.4037275328125 0.59599673125 0.3514399515625 0.40155228750000005 0.349665909375 0.4 0.3079032765625 0.4
0 0.209375 0.5651143796875 0.326930146875 0.7741013078125001 0.34408700937500003 0.770016340625 0.361243871875 0.7544934640625 0.362877859375 0.7348856203125 0.34327001562500004 0.7120098046875001 0.30242034375 0.6205065359375 0.209375 0.45069878281250003 0.209375 0.5651143796875
0 0.3530739375 0.9930555562500001 0.3489889703125 0.9824346406250001 0.34327001562500004 0.9865196078124999 0.34327001562500004 0.9750816999999999 0.3857536765625 0.9227941171874999 0.3784007359375 0.9072712421875 0.35389093125 0.8925653593749999 0.3400020421875 0.9015522875 0.31794321875 0.93668300625 0.2844464875 0.9473039218749999 0.3416360296875 0.9963235296875 0.3530739375 0.9930555562500001