0 0.055176659375000006 0 0.0545594265625 0.019134221875 0.0340676234375 0.0265112703125 0.0135758203125 0.0568391390625 0.0225922125 0.08060963125000001 0.0471823765625 0.0937243859375 0.07095286875 0.0945440578125 0.1012807375 0.0937243859375 0.1168545078125 0.083068646875 0.1168545078125 0.04864241875 0.0955430328125 0.0256915984375 0.1019659328125 0 0.055176659375000006 0
0 0.4002289796875 0.46875 0.300461065625 0.3437243859375 0.21849385312499997 0.2502817625 0.20210040937499998 0.240445696875 0.22505122968750002 0.2109375 0.2266905734375 0.19290471250000002 0.21275614687500002 0.1838883203125 0.19964139375 0.1838883203125 0.1668545078125 0.19864241875 0.09226434375 0.2650358609375 0.0955430328125 0.289626025 0.1176741796875 0.30192110625 0.1570184421875 0.2838883203125 0.1766905734375 0.3002817625 0.32399855 0.46875 0.4002289796875 0.46875
0 0 0.3036689375 0.014395492187500001 0.3002817625 0.0258709015625 0.30847848437500003 0.1053790984375 0.3945440578125 0.119313525 0.39372438593750003 0.139805328125 0.37323258125000003 0.143084015625 0.36011782812500004 0.0561987703125 0.2715932375 0.07095286875 0.242085040625 0.06603483593750001 0.220773565625 0.050461065625 0.21175717187499998 0.0357069671875 0.2150358609375 0.011116803125 0.22815061406249998 0 0.23875035625000002 0 0.3036689375
0 0.17433451875 0.46875 0.0963627046875 0.4035604515625 0.040625 0.369134221875 0 0.3261877921875 0 0.41372608125 0.0685615484375 0.46875 0.17433451875 0.46875
0 0.74765625 0.24375 0.0546875 0.07265625
0 0.6046875 0.1203125 0.0328125 0.04765625
0 0.715625 0.09296875 0.0328125 0.05625
0 0.921875 0.0140625 0.04375 0.028125
0 0.9859375 0.31953125 0.028125 0.0484375
0 0.52890625 0.28125 0.06640625 0.0703125
0 0.4296875 0.4916164875 0 0.497935421875 0 0.6709323796875 0.4296875 0.6647050234374999 0.4296875 0.4916164875
0 0.8323589953125001 0.46875 0.920414959375 0.5483862703125 0.8991034843750001 0.5762551234375 0.8958247953124999 0.591009221875 0.9064805328125001 0.6065829921875 0.9220543031249999 0.610681353125 0.9376280734375001 0.6082223359375 1 0.541272653125 1 0.4760021765625 0.972054303125 0.4934682375 0.949893125 0.46875 0.8323589953125001 0.46875
0 0.67744388125 0.46875 0.68926741875 0.48609118906250004 0.7859887296875 0.5877305328125 0.8843493859375 0.7139600406250001 0.9909067624999999 0.8369108609375001 0.9958247953124999 0.88117315625 1 0.88420966875 1 0.7293892234375 0.9286116796874999 0.653304303125 0.8909067624999999 0.5992059421875 0.8368084015624999 0.5500256140625 0.7687722546875 0.46875 0.67744388125 0.46875
0 0.4296875 0.76500621875 0.6409067625 0.8115010250000001 0.76057889375 0.8492059421875 0.891726434375 0.8754354515625 0.9548411890625002 0.8762551234375 0.9745133203125 0.8680584015624999 0.9761526640625 0.8270747953124999 0.9392674187499999 0.8180584015625 0.9179559421875 0.8016649593749999 0.4296875 0.683860509375 0.4296875 0.76500621875
0 0.8067601015625 1 0.7130379093749999 0.8869108609375 0.6818903687500001 0.8639600406250001 0.6409067625 0.881992828125 0.640087090625 0.892648565625 0.6646772546874999 0.9188780734375002 0.6646772546874999 0.935271515625 0.7213146765625 1 0.8067601015625 1