0 0.709375 0.16198266249999999 0.7071728187499999 0.16259437968749998 0.664387584375 0.1953125 0.6652265093749999 0.20454068749999998 0.6929110734374999 0.21041317187500003 0.709375 0.250824625 0.709375 0.16198266249999999
0 0.709375 0.27499064687499997 0.20381711406249997 0.49816484843750003 0.1887164421875 0.49648699687500003 0.1752936234375 0.48306417812499997 0.1685822140625 0.4864198828125 0.157676175 0.500681628125 0.1593540265625 0.5275272656250001 0.164597315625 0.5390625 0.239441515625 0.5390625 0.24240771875 0.536755453125 0.40348154375 0.4729970640625 0.709375 0.339251440625 0.709375 0.27499064687499997
0 0.1820050328125 0.21292995 0.6098573828125 0.1424601515625 0.6299916109375 0.144138003125 0.646770134375 0.1609165265625 0.6635486578124999 0.1609165265625 0.6794882546875 0.14329907656250002 0.6761325499999999 0.08625209687499999 0.6652265093749999 0.063601090625 0.6417365765625 0.056889681250000004 0.606501678125 0.085413171875 0.5729446312500001 0.0938024328125 0.0158976515625 0.179372903125 0.00163590625 0.19027894218750002 0.0049916109375 0.2221581375 0.013380871875 0.23222525156249998 0.1820050328125 0.21292995
0 0.3581795296875 0.3505138421875 0.37328020156249997 0.35554739999999996 0.4110318796875 0.3412856546875 0.3447567109375 0.300178271875 0.329656040625 0.3018561234375 0.3195889265625 0.2934668625 0.3095218125 0.29850041875 0.2977768453125 0.2901111578125 0.28435402656250003 0.2934668625 0.2726090609375 0.28339974843750004 0.2575083890625 0.2884333046875 0.24911912812499998 0.28004404374999997 0.2390520140625 0.28339974843750004 0.222273490625 0.273332634375 0.208850671875 0.2766883390625 0.1971057046875 0.266621225 0.187038590625 0.27165478125 0.1635486578125 0.2632655203125 0.1299916109375 0.219641359375 0.12076342343749999 0.22551384218749998 0.1006291953125 0.3278628359375 0.10314597343750001 0.340446728125 0.146770134375 0.3152789421875 0.1568372484375 0.3152789421875 0.173615771875 0.321990353125 0.1887164421875 0.318634646875 0.1971057046875 0.3287017625 0.2172399328125 0.3253460578125 0.222273490625 0.33373531875 0.23569630937500002 0.327023909375 0.247441275 0.3387688765625 0.2642197984375 0.33373531875 0.2726090609375 0.3438024328125 0.2860318796875 0.3387688765625 0.294421140625 0.348835990625 0.3111996640625 0.3438024328125 0.32294463125 0.35554739999999996 0.33636745 0.348835990625 0.3439177859375 0.356386325 0.3581795296875 0.3505138421875
0 0.129021603125 0.5390625 0.1308305375 0.534238675 0.13921979843750001 0.5292051171875001 0.13921979843750001 0.514104446875 0.164387584375 0.4537017625 0.17781040312500002 0.4402789421875 0.17613255 0.42853397656250003 0.1845218125 0.41175545312499995 0.2105285234375 0.39581585625 0.23150167812500003 0.3932990765625 0.23317952968750003 0.37819840625 0.21220637656250002 0.362258809375 0.1484479859375 0.3370910234375 0.133347315625 0.3370910234375 0.12411912812499999 0.344641359375 0.13921979843750001 0.3949769296875 0.129152684375 0.40672189531249997 0.1308305375 0.4184668625 0.11740771875 0.42853397656250003 0.11740771875 0.4453125 0.1073406046875 0.452023909375 0.10901845624999999 0.465446728125 0.097273490625 0.47551384218750004 0.0989513421875 0.4889366609375 0.08888422812499999 0.49397021875 0.08888422812499999 0.5107487421875 0.0788171140625 0.5157822984375 0.0788171140625 0.5308829703125 0.06927432812499999 0.5390625 0.129021603125 0.5390625
0 0.10092306250000001 0 0.07630033593749999 0.0250104859375 0.021770134375 0.0711514265625 0.015058725 0.08792995 0 0.10321683749999999 0 0.1875387234375 0.050293623437500004 0.13658766718749998 0.1728723 0 0.10092306250000001 0
0 0 0 0 0.061126257812499994 0.015058725 0.0761849828125 0.0242869125 0.0753460578125 0.04693791875 0.04766149375 0.01925335625 0.013265520312500001 0.008347315625 0.0090708890625 0.0070514734375 0 0 0
0 0.46208744218750003 0.5390625 0.35735109062500003 0.6524014265625 0.3372168625 0.6675020968750001 0.32211619062499997 0.662468540625 0.3095322984375 0.6700188765625 0.3095322984375 0.6968645140625 0.3472839765625 0.7346161906249999 0.36825713125 0.7455222312500001 0.3900692109375 0.738810821875 0.393424915625 0.7220322984375 0.38671350625 0.7102873328125 0.41188129218749997 0.6784081375 0.54114660625 0.5390625 0.46208744218750003 0.5390625
0 0.584700084375 0.812636325 0.5796665265625001 0.787468540625 0.5872168624999999 0.7866296140625 0.6283242453125 0.7438443796875001 0.6199349828125 0.7253880031250001 0.5939282718750001 0.7060927015624999 0.5553376671875 0.7446833046875 0.5159081375000001 0.7555893453125 0.52933095625 0.7774014265625 0.5746329703125 0.8159920296875001 0.584700084375 0.812636325
0 0 0.774294403125 0.01087458125 0.7774014265625 0.0142302859375 0.77236786875 0.004163171875 0.752233640625 0.022619546875 0.6884752515625 0 0.677530309375 0 0.774294403125
0 0.2493324828125 1 0.048626257812500004 0.8268980703125 0.0217806203125 0.8084416953125 0.0083578015625 0.8117974 0 0.8207316015625 0 0.863683721875 0.1595405328125 1 0.2493324828125 1
0 0.709375 0.5390625 0.709375 0.6941626078125 0.715625 0.7002232140625 1 0.8240327375 1 0.560330590625 0.945244890625 0.5390625 0.709375 0.5390625