0 0 0.390427215625 0.03312895625 0.3917523734375 0.10749604374999999 0.382258703125 0.138350475 0.35298655 0.11224287968749999 0.328461234375 0 0.328461234375 0 0.390427215625
0 0.459375 0.17176241406249998 0.47320015781249997 0.1547468359375 0.4826938296875 0.12943037968749999 0.5040545890625 0.1238924046875 0.50642800625 0.1136075953125 0.45975079062499996 0.0795886078125 0.459375 0.079529271875 0.459375 0.17176241406249998
0 0.459375 0.2521834265625 0.6773140828124999 0.0471518984375 0.6788963609375 0.0344936703125 0.6591178796875 0.0131329109375 0.649624209375 0.0099683546875 0.6322191453125 0.017879746874999998 0.459375 0.1775614125 0.459375 0.2521834265625
0 0.8478008921875 0 0.6409216765625001 0.44272151875 0.6322191453125 0.45142404999999997 0.6132318031249999 0.45300632968750004 0.6061115499999999 0.4617088609375 0.6061115499999999 0.48069620312500005 0.6134935765625 0.4890625 0.6963582859375 0.4890625 0.6963014234375 0.48860759531250003 0.6820609171875001 0.4759493671875 0.685225475 0.4617088609375 0.8007318031249999 0.22753164531249997 0.9031963859375001 0 0.8478008921875 0
0 1 0.21549841718749999 0.8901305374999999 0.31218354375 0.874307753125 0.3058544296875 0.8561115499999999 0.31139240468749996 0.851364715625 0.331962025 0.8592761078125001 0.34620253125 0.8980419296874999 0.3849683546875 0.9146558546874999 0.38734177187499996 0.9304786390625001 0.37468354375 0.924149525 0.35411392343750003 0.931269778125 0.3454113921875 1 0.2866581375 1 0.21549841718749999
0 1 0.3329933328125 0.997725475 0.335917721875 0.9882318031249999 0.335917721875 0.981902690625 0.3469936703125 0.9692444625000001 0.350158228125 0.9613330703125001 0.36281645625 0.9518393984374999 0.36439873437500003 0.9423457281250001 0.3770569625 0.8679786390625001 0.4292721515625 0.8284216765625001 0.42452531718750003 0.814972309375 0.4284810125 0.814972309375 0.441139240625 0.8339596515625001 0.47278480937499995 0.8473816078125 0.4890625 0.8865143718749999 0.4890625 0.8861748421875 0.48702531718750003 0.894086234375 0.47120253125 0.92652294375 0.44509493593749994 0.9375988921874999 0.4435126578125 0.945510284375 0.4308544296875 0.956586234375 0.4276898734375 1 0.390478075 1 0.3329933328125
0 0.219178234375 0.4890625 0.459375 0.7387158312500001 0.459375 0.6633111609375 0.29332627499999997 0.4890625 0.219178234375 0.4890625
0 0.09769686250000001 1 0.33910205625 0.648991296875 0.34543117031250004 0.63000395625 0.328817246875 0.61339003125 0.3114121828125 0.6070609171875 0.29321598125000004 0.6236748421875 0.0306308890625 1 0.09769686250000001 1
0 0.3849881328125 0.7502571203125 0.3849881328125 0.7344343359375 0.39289952499999997 0.6901305375 0.3493868671875 0.67826345 0.34226661406250003 0.6901305375 0.334355221875 0.74392800625 0.3153678796875 0.7581685125 0.3620450953125 0.7716178796875 0.391317246875 0.77240901875 0.3976463609375 0.7692444625 0.3849881328125 0.7502571203125
0 1 0.88899866875 0.9903283234375 0.889438290625 0.5599485765625001 0.5160205703125 0.540961234375 0.50969145625 0.5306764234375 0.516811709375 0.5132713609375 0.5405458859375 0.5203916140625 0.55557753125 0.7150118671875 0.7280458859375 0.9238726265625001 0.900514240625 0.9563093359374999 0.9313686703125 0.9563093359374999 0.9598496828125 0.9650118671874999 0.968552215625 0.992701740625 0.9709256328125001 1 0.9661440140625001 1 0.88899866875
0 0.459375 0.70905854375 0.47450553749999996 0.70905854375 0.48241692968749994 0.7153876578125 0.49032832343750005 0.7106408234374999 0.56785996875 0.7138053796875 0.5757713609375 0.718552215625 0.6153283234375 0.7138053796875 0.6279865499999999 0.718552215625 0.6580498421875001 0.707476265625 0.6699169296875 0.6956091765625001 0.6612143984375 0.6869066453125 0.6169106015625 0.6742484171875 0.526720728125 0.664754746875 0.5061511078125001 0.6679193031249999 0.472923259375 0.6600079109375 0.4650118671875 0.664754746875 0.459375 0.664128428125 0.459375 0.70905854375
0 0.459375 0.7823904734375 0.5488726265625 0.7707674046874999 0.586847309375 0.75969145625 0.6082080703124999 0.741495253125 0.5931764234375 0.732792721875 0.5472903484375 0.7280458859375 0.459375 0.73556001875 0.459375 0.7823904734375
0 0.8953916140625001 0.536590190625 0.8795688296874999 0.5445015828125 0.7300435125 0.6607990499999999 0.7545688296874999 0.6869066453125 0.771182753125 0.6908623421875 0.924663765625 0.573773734375 0.9230814875 0.5595332281250001 0.9064675640625002 0.541337025 0.8953916140625001 0.536590190625
0 0.459375 0.95678401875 0.46105617031249996 0.9551028484374999 0.4650118671875 0.9258306968750001 0.6991890828124999 0.750197784375 0.71580300625 0.7335838609375 0.714220728125 0.7225079109375001 0.691277690625 0.704311709375 0.6738726265625 0.7027294296875001 0.6089992093750001 0.7470332281250001 0.459375 0.865157603125 0.459375 0.95678401875