0 0.35 0 0.214088690625 0 0.2115085140625 0.0189213046875 0.21898359687500002 0.03802429375 0.289581603125 0.0421771171875 0.3435683140625 0.03802429375 0.35 0.0365950296875 0.35 0
0 0.65703125 0.51171875 0.01484375 0.02109375
0 0.81484375 0.4640625 0.01484375 0.01875
0 0.809375 0.4078125 0.0171875 0.01875
0 0.80546875 0.55703125 0.015625 0.0203125
0 0.93359375 0.50625 0.0203125 0.02734375
0 0.92734375 0.32734375 0.015625 0.01875
0 0.9546875 0.334375 0.01484375 0.01875
0 0.50234375 0.2328125 0.0203125 0.02421875
0 0.5890625 0.27734375 0.0140625 0.02265625
0 0.5765625 0.49609375 0.01875 0.0328125
0 0.5890625 0.525 0.01953125 0.03046875
0 0.35 0.6581761015625001 0.3464033015625 0.653979953125 0.299233490625 0.639829009375 0 0.6453195328125 0 0.9039799531250001 0.294516509375 0.9039799531250001 0.35 0.88548545625 0.35 0.6581761015625001
0 1 0.6390625 0.35321419062500004 0.6390625 0.369077034375 0.6764534890625 0.43496850781249996 0.7287790703125 1 0.837585809375 1 0.6390625