0 0.3890625 0 0.321293759375 0 0.3373298265625 0.3461117984375 0.34475556875 0.3667388609375 0.3785839515625 0.37251443906250004 0.3890625 0.3704187296875 0.3890625 0
0 0.544342090625 0 0.546627475 0.0058013609375 0.5804558578125001 0.016527434375 0.5838633984375 0.4390625 0.6518176171875 0.4390625 0.65306311875 0.033029084375000003 0.6621390265625 0.0173525171875 0.6885416671875 0.0091016921875 0.6928529953125 0 0.544342090625 0
0 0.3890625 0.5636979625 0.22198329218750001 0.5928527234375001 0.048715965625 0.6159550328125001 0.0330393984375 0.6283312703125 0.0412902234375 0.67618605625 0.0520162953125 0.6935127890625 0.07099319375 0.69268770625 0.278088903125 0.6654599828125 0.3890625 0.641920128125 0.3890625 0.5636979625
0 0.16835292968749999 0.7289913359375 0.16835292968749999 0.7537438125 0.179904084375 0.7966481015625 0.2038314765625 0.822225659375 0.22445853906250002 0.8230507421875 0.23435952968749998 0.813149753125 0.24508560156249998 0.780971534375 0.32099319375 0.756219059375 0.36224731875 0.7496183999999999 0.3680228953125 0.7289913359375 0.35812190625 0.702588696875 0.35069616406250004 0.695162953125 0.335844678125 0.695162953125 0.23353444687499997 0.7281662546875 0.2054816421875 0.7083642734375 0.1774288359375 0.71331476875 0.16835292968749999 0.7289913359375
0 0 1 0.3620270953125 1 0.35812190625 0.9336117984375001 0.335844678125 0.9245358906250001 0.3226433578125 0.9245358906250001 0.31356744999999997 0.9319616343749999 0.315217615625 0.9616646046875001 0.3077918734375 0.9905424921874999 0.2978908828125 0.9789913359375 0.2813892328125 0.9756910062500002 0 0.9802295421875 0 1
0 0.428548590625 0.4390625 0.42974938125 0.44074360625000003 0.4305744640625 0.45807033906249994 0.436350040625 0.44404393593749997 0.4429507015625 0.44404393593749997 0.4429507015625 0.45724525624999995 0.4305744640625 0.4646709984375 0.427274134375 0.45972050312499996 0.4181982265625 0.48199773125 0.4346998765625 0.500149546875 0.5081322187499999 0.46632116406249996 0.5271091171875 0.44899443124999994 0.528350609375 0.4390625 0.428548590625 0.4390625
0 0.3890625 0.5249149125 0.3934457515625 0.5282023515625001 0.3901454203125 0.5397535062500001 0.403346740625 0.5463541671875001 0.403346740625 0.56450598125 0.4148978953125 0.5711066421875 0.4148978953125 0.5859581265625 0.428099215625 0.5942089515625 0.4264490515625 0.607410271875 0.43800020625 0.6140109328125 0.43800020625 0.6288624171875 0.4512015265625 0.6371132421875 0.46275268125 0.6569152234375 0.4693533421875 0.6899185234375 0.4594523515625 0.72787231875 0.472653671875 0.7295224828125 0.546086015625 0.6940439359375 0.566713078125 0.676717203125 0.566713078125 0.668466378125 0.542785684375 0.664340965625 0.536185025 0.670941625 0.5106074671874999 0.6552650578125 0.49575598125 0.6140109328125 0.47100350625000004 0.5793574671874999 0.444600865625 0.52325185625 0.431399546875 0.5100505359375 0.431399546875 0.500149546875 0.4082972359375 0.46549608124999997 0.39757116406250004 0.46302083281249995 0.3890625 0.454984871875 0.3890625 0.5249149125
0 0.3890625 0.7130272796874999 0.3934457515625 0.7146709984375 0.427274134375 0.6940439359375 0.45450185625 0.6552650578125 0.45037644375 0.6494894796875 0.4305744640625 0.6511396453125 0.3890625 0.6032412265625 0.3890625 0.68227505 0.3901454203125 0.6833178625 0.3890625 0.68620565 0.3890625 0.7130272796874999
0 0.7135777640625001 0.759225453125 0.68800020625 0.7534498765625 0.6549969062500001 0.7154960812500001 0.6335447609375 0.7121957515625 0.6046668734375 0.7377733078125 0.6079672031250001 0.7476742984375 0.6541718234375 0.7905785890624999 0.6442708328125001 0.8087304046874999 0.6525216578125 0.8153310640625 0.6913005359375 0.7881033421874999 0.7135777640625001 0.759225453125
0 0.714402846875 0.7088954203125001 0.7234787546874999 0.7064201734375001 0.7218285890624999 0.6635158828125001 0.706152021875 0.6247370046875 0.681399546875 0.644538984375 0.6211685234375001 0.660215553125 0.6261190187500001 0.6981693484375 0.6401454203125001 0.7121957515625 0.6541718234375 0.7113706687500001 0.68800020625 0.69899443125 0.714402846875 0.7088954203125001
0 0.75716655625 1 0.3890625 0.8864299124999999 0.3890625 0.946455965625 0.562360934375 1 0.75716655625 1