0 0 0.3679859265625 0.078853496875 0.3125753625 0.1126155546875 0.2820287375 0.131908159375 0.296498190625 0.1447698953125 0.294890475 0.1536123390625 0.2715785765625 0.12628115 0.2265625 0.11100783750000001 0.2128969046875 0.1013615359375 0.2096814703125 0.09332295 0.21450462187500002 0.08448050625 0.2265625 0.0884997984375 0.2434435296875 0 0.302809853125 0 0.3679859265625
0 1 0 0.9344918359375001 0 0.8957144296875 0.037314107812500004 0.6079330781250001 0.341172628125 0.6015022109375 0.36850381875 0.6288334 0.3926195734375 0.6240102484375 0.39583500781250003 0.6288334 0.400658159375 0.6368719859375 0.3845809890625 0.6818880625 0.3427803453125 0.71082696875 0.3041951359375 0.8924989953125 0.1257385453125 1 0.0102321453125 1 0
0 1 0.213715728125 0.9407305062500001 0.1289539796875 0.92063404375 0.11207294999999999 0.8997337218750001 0.12171925312500001 0.8892835609375 0.1337771296875 0.8989298640625 0.1611083203125 1 0.306813490625 1 0.213715728125
0 0.8957144296875 0.2463173234375 0.8836565515625001 0.186027934375 0.8378366156249999 0.19487037812500002 0.8458752015624998 0.25114047500000003 0.8957144296875 0.2463173234375
0 1 0.5796875 1 0.5265046734375 0.9978044609375001 0.5252562296875001 0.9769041406250001 0.5220407953125 0.9632385453125 0.5453526921875 0.9616308281249999 0.5614298640625 0.9943023875 0.5796875 1 0.5796875
0 0.8017532765625 0.5796875 0.7333350078125 0.33152632656250003 0.722884846875 0.3258993171875 0.6891227890625 0.338761053125 0.6867112140625 0.3524266484375 0.7301195734375 0.524452371875 0.7429813109375 0.5453526921875 0.7478862828125 0.5796875 0.8017532765625 0.5796875
0 0.7423103984375 0.5796875 0.7429813109375 0.5775070343750001 0.7365504421875 0.5742916 0.738158159375 0.5501758437500001 0.7277079984375 0.5316870984375 0.6818880625 0.5373141078125 0.6808287281250001 0.5796875 0.7423103984375 0.5796875
0 0.36875 0.5796875 0.41646804687500005 0.5796875 0.41179160000000004 0.5742916 0.41018388281250007 0.5582144296875 0.3812449765625 0.5180215031250001 0.39571442968750004 0.46818227500000004 0.375617965625 0.45933983125 0.36875 0.46258303749999996 0.36875 0.5796875
0 1 0.83064710625 0.9971814703125 0.8297075968750001 0.9811042999999999 0.7991609734375 0.9762811499999999 0.770222065625 0.9561846859374998 0.7726336421875 0.9280496375 0.8136304265625001 0.9039338828125001 0.8650773718749999 0.9055416000000001 0.8972317125 0.9626155546875002 0.8819583999999999 0.9867313109375001 0.8883892687499999 0.9979853296875 0.9028587218749999 1 0.9026348703125 1 0.83064710625
0 1 1 1 0.944129321875 0.9714579984375 0.8908008437499999 0.9585962625000001 0.8891931265625 0.9650271296875002 0.9149166000000001 0.9401075156250001 0.9543056671875 0.9256380625 0.9543056671875 0.9127763265625 0.9703828375000001 0.8757988343750001 0.98163685625 0.8460680296875001 1 1 1
0 0.77365826875 1 0.7889821140625 0.984852290625 0.8524869374999999 0.982440715625 0.8524869374999999 0.9727944125000001 0.8364097671875002 0.9583249593750001 0.8315866156249999 0.9422477890625001 0.7648663578124999 0.8771352484375001 0.7495930468750001 0.882762259375 0.743162178125 0.9551095249999999 0.7246734328125 0.96395196875 0.7182425640625001 0.9752059890625 0.7053808281249999 0.97681370625 0.7013615359375001 0.9936947343749999 0.68402205625 1 0.77365826875 1