0 0.6 0.0759982640625 0.5956597218749999 0.068402778125 0.553125 0.02586805625 0.5453125 0.03194444375 0.5401041671875 0.05625 0.49322916718750004 0.103125 0.4984375 0.11875 0.52100694375 0.137847221875 0.57569444375 0.0970486109375 0.6 0.0939325140625 0.6 0.0759982640625
0 0.5279513890625 0.2645833328125 0.5279513890625 0.25069444375 0.5157986109375 0.23333333281250002 0.5331597218749999 0.2142361109375 0.5435763890625 0.184722221875 0.541840278125 0.1708333328125 0.5166666671875 0.15607638906250001 0.48975694374999995 0.1604166671875 0.47413194374999995 0.19513888906250001 0.47413194374999995 0.21770833281250002 0.44461805625000006 0.23159722187499998 0.44461805625000006 0.240277778125 0.462847221875 0.255034721875 0.4984375 0.26631944375 0.5279513890625 0.2645833328125
0 0.48710337187499997 0 0.08090277812499999 0.4078125 0.06006944374999999 0.40260416718750003 0.0453125 0.41041666718750003 0.0435763890625 0.427777778125 0.05225694374999999 0.44166666718750003 0.095659721875 0.481597221875 0.10868055624999999 0.482465278125 0.126909721875 0.47118055625000005 0.11822916718750001 0.4451388890625 0.48020833281249997 0.08663194375 0.5487847218749999 0.0267361109375 0.5680941359375 0 0.48710337187499997 0
0 0.1534226203125 0.4890625 0.14600694375 0.48506944374999994 0.1546875 0.4642361109375 0.1520833328125 0.4546875 0.127777778125 0.46163194374999994 0.11736111093749999 0.47725694374999994 0.09652777812499999 0.48072916718750003 0.09109299531250001 0.4890625 0.1534226203125 0.4890625
0 0.4170138859375 0.4890625 0.45243055625000006 0.4859375 0.455034721875 0.4763888890625 0.3864583328125 0.41475694374999994 0.3604166671875 0.40260416718750003 0.3560763890625 0.4607638890625 0.3311289296875 0.4890625 0.4170138859375 0.4890625
0 0 0.4521467546875 0.2935763890625 0.11701388906250001 0.2953125 0.10486111093749999 0.268402778125 0.0814236109375 0.25625 0.0796875 0.2467013890625 0.0875 0 0.370384259375 0 0.4521467546875
0 0 0 0 0.209111015625 0.0392361109375 0.2064236109375 0.0592013890625 0.18993055625 0.056597221875000006 0.18038194375 0.022743056249999997 0.1552083328125 0.0192708328125 0.12222222187500001 0.026215278125 0.1135416671875 0.017534721875 0.09618055625000001 0.0244791671875 0.0875 0.0157986109375 0.08055555625000001 0.0157986109375 0.0701388890625 0.022743056249999997 0.0614583328125 0.0140625 0.052777778124999994 0.022743056249999997 0.0388888890625 0.0157986109375 0.03194444375 0.02100694375 0.012847221875 0.0140625 0.0041666671875 0.0142361109375 0 0 0
0 0.6866319437499999 0.4890625 0.6953125 0.48038194375 0.7361111109375 0.46388888906250003 0.7161458328125 0.43350694375 0.6744791671875 0.40399305625000004 0.6631944437499999 0.41006944375 0.6545138890625 0.44305555625000004 0.621527778125 0.4829861109375 0.6260360671875 0.4890625 0.6866319437499999 0.4890625
0 0.6 0.3276475703125 0.6067708328125 0.329340278125 0.613715278125 0.34322916718749996 0.644965278125 0.344965278125 0.6501736109375 0.3536458328125 0.6553819437499999 0.3484375 0.6692708328125 0.3484375 0.676215278125 0.35538194375 0.6953125 0.3501736109375 0.7039930562500001 0.35885416718749996 0.7196180562500001 0.35190972187499997 0.7282986109375 0.360590278125 0.7421875 0.35190972187499997 0.754340278125 0.3640625 0.761284721875 0.35711805625 0.8064236109374999 0.3640625 0.823784721875 0.35711805625 0.832465278125 0.3640625 0.8376736109374999 0.35538194375 0.8567708328125001 0.35711805625 0.8854166671874999 0.3458333328125 0.8723958328125001 0.3345486109375 0.8585069437499999 0.3328125 0.8498263890625001 0.3189236109375 0.8359375 0.3223958328125 0.8255208328125001 0.30850694375 0.808159721875 0.313715278125 0.7994791671875 0.30503472187499997 0.785590278125 0.313715278125 0.7751736109375 0.3032986109375 0.7560763890625 0.30850694375 0.7439236109375 0.29982638906250003 0.7317708328125 0.3067708328125 0.7196180562500001 0.29635416718749996 0.7057291671875 0.3032986109375 0.6970486109375 0.29461805625 0.6814236109375 0.3015625 0.6727430562500001 0.29288194375 0.6397569437499999 0.29288194375 0.6189236109375 0.29982638906250003 0.6102430562500001 0.31024305625 0.6 0.31024305625 0.6 0.3276475703125
0 0.25329391874999996 0.4890625 0.2088541671875 0.6494791671875 0.1967013890625 0.7414930562500001 0.1541666671875 0.740625 0.14288194375000002 0.7536458328125001 0.1515625 0.7779513890625 0.171527778125 0.7892361109375 0.25399305625 0.807465278125 0.272222221875 0.8065972218749999 0.2869791671875 0.791840278125 0.280034721875 0.776215278125 0.25052083281250004 0.7536458328125001 0.26788194375 0.7223958328125001 0.3254577015625 0.4890625 0.25329391874999996 0.4890625
0 0.9042232265625 0.4890625 1 0.8868178109375 1 0.6466319453125 0.960374546875 0.4890625 0.9042232265625 0.4890625
0 0.678482634375 0.4890625 0.69149305625 0.620659721875 0.69149305625 0.6310763890625 0.671527778125 0.6388888890625 0.6671875 0.651909721875 0.678472221875 0.6701388890625 0.6880208328124999 0.6727430562500001 0.7635416671875 0.6666666671875 0.7765625 0.651909721875 0.7765625 0.636284721875 0.748784721875 0.6223958328125 0.7362712375 0.4890625 0.678482634375 0.4890625