0 0.3006770484375 0 0.2623322140625 0.044630871875 0.23884228125 0.0832214765625 0.298406040625 0.08238255 0.3856543625 0.1629194625 0.3940436234375 0.164597315625 0.40243288593750004 0.1796979859375 0.414177853125 0.18137583906250002 0.441023490625 0.21157718124999997 0.5022651 0.2342281875 0.5106543625 0.22919463125 0.5005872484375 0.20234899374999998 0.4871644296875 0.1922818796875 0.48884228125 0.18053691249999998 0.4737416109375 0.1721476515625 0.47206375781250004 0.160402684375 0.4561241609375 0.156208053125 0.4510906046875 0.1411073828125 0.43934563750000005 0.1394295296875 0.43263422812499996 0.124328859375 0.41837248281250006 0.12181208125000001 0.414177853125 0.1075503359375 0.4007550328125 0.10587248281249999 0.3940436234375 0.09077181250000001 0.3856543625 0.0924496640625 0.3739093953125 0.0739932890625 0.36384228125 0.0739932890625 0.3537751671875 0.058892617187499996 0.3260906046875 0.0412751671875 0.324714765625 0 0.3006770484375 0
0 0.4522651 0 0.46199664374999994 0.0194630875 0.513171140625 0.0035234906250000003 0.51669463125 0 0.4522651 0
0 0.3059563765625 0.42885906093750004 0.30931208125 0.4070469796875 0.30511745 0.35419463125 0.2816275171875 0.3642617453125 0.2245805375 0.3625838921875 0.21199664375 0.3684563765625 0.2103187921875 0.410402684375 0.216191275 0.41963087187500003 0.27323825468749996 0.4246644296875 0.29588926249999997 0.43892617500000003 0.3059563765625 0.42885906093750004
0 0 0.3634837265625 0.0567953015625 0.3642617453125 0.0836409390625 0.35755033593749996 0.08951342343749999 0.348322146875 0.0786073828125 0.33573825468749996 0.06015100625000001 0.33238255 0.0475671140625 0.30973154375 0.0492449671875 0.1251677859375 0.039177853125 0.11677852343749999 0.044211409374999996 0.1 0.030788590625 0.0916107375 0.021560403125 0.05050335625 0.008976509375 0.0630872484375 0.008976509375 0.0765100671875 0 0.0854865765625 0 0.094714765625 0.0022651 0.1 0 0.1025886859375 0 0.27390939687500004 0.0022651 0.276174496875 0 0.2822147640625 0 0.2967953015625 0.0056208046875 0.3114093953125 0 0.3160933984375 0 0.3634837265625
0 0.9080025687500001 0 0.8985213921874999 0.025283137500000004 0.9043938765625 0.0462562921875 0.9463401843749999 0.052967701562500004 1 0.07046546718749999 1 0.013067965625 0.9594893046875 0 0.9080025687500001 0
0 1 0.27633805312500004 0.986608640625 0.2761220640625 0.9698301171875 0.27947776874999997 0.9597630031249998 0.291222734375 0.9522126671875 0.26186031875000004 0.9538905203125001 0.23165897656249998 0.9446623328125 0.224108640625 0.9312395140625 0.224108640625 0.9085885062500001 0.23333682812499998 0.90355495 0.3189072984375 0.9052328015625001 0.39608850625 0.9287227343750001 0.4078334734375 0.9505348156250001 0.4011220640625 0.9580851515625 0.3566589765625 1 0.3571162296875 1 0.27633805312500004
0 1 0.39644155468750003 0.995836828125 0.40615562031249997 0.9991925328125 0.4346791109375 0.981575084375 0.442229446875 0.9480180375 0.4774643453125 0.9018770968750001 0.5017932046875 0.8999816484375 0.509375 0.9871706140625001 0.509375 1 0.499368078125 1 0.39644155468750003
0 0.81043414375 0.2291421984375 0.8439911906249999 0.21236367500000003 0.8699979031249999 0.188034815625 0.8767093125000001 0.166222734375 0.8716757546875 0.152799915625 0.8540583046875 0.1402160234375 0.83727978125 0.14524958125 0.8230180375 0.14105494999999998 0.776038171875 0.0554844796875 0.7584207218750001 0.032833473437499996 0.7466757546875 0.032833473437499996 0.7156354859375 0.0554844796875 0.713957634375 0.067229446875 0.7810717281249999 0.1712562921875 0.7693267625 0.19977978125 0.7861052859375001 0.228303271875 0.81043414375 0.2291421984375
0 0.410476090625 0.8852768453125 0.42389890937499997 0.7544043625000001 0.4515834734375 0.7468540265625 0.464167365625 0.73259228125 0.46081166093750003 0.7141359062499999 0.441516359375 0.6998741609375 0.37943582187499997 0.6931627515625001 0.3492344796875 0.7065855703125 0.3383284390625 0.7242030203125001 0.34587877499999997 0.7401426171875001 0.36852978125 0.7544043625000001 0.35678481562500003 0.88359899375 0.3869861578125 0.8903104031249999 0.410476090625 0.8852768453125
0 0.23094588906250002 0.855075503125 0.2477244125 0.8080956374999999 0.290509646875 0.7468540265625 0.3173552859375 0.7535654359375 0.334972734375 0.7359479859375 0.334972734375 0.720847315625 0.32071099062499997 0.703229865625 0.307288171875 0.698196309375 0.290509646875 0.67806208125 0.25695260000000003 0.6646392624999999 0.2401740765625 0.6646392624999999 0.222556628125 0.6755453015625 0.220878775 0.6956795296875 0.23430159375 0.7174916109374999 0.168865353125 0.8248741609374999 0.1814492453125 0.8441694625 0.20745595625000002 0.8617869125000001 0.23094588906250002 0.855075503125
0 0.374402265625 0.988464765625 0.383630453125 0.9691694625 0.35510696249999996 0.8936661078125001 0.3316170296875 0.8567533562499999 0.348395553125 0.8349412749999999 0.3467177015625 0.8181627515625 0.34084521875 0.8106124156250001 0.307288171875 0.8022231546875 0.27708682812499996 0.8156459734375 0.2686975671875 0.8307466437500001 0.25443582187499997 0.8382969796874999 0.2460465609375 0.850041946875 0.2460465609375 0.8668204703125 0.25695260000000003 0.8760486578125001 0.28799286875 0.881921140625 0.35007340625 0.9976929531250001 0.374402265625 0.988464765625
0 1 0.787133646875 0.9711409390625001 0.7894609906250001 0.7681208046875 0.8230180375 0.7211409390625001 0.83644085625 0.6070469796875 0.8498636749999999 0.6028523484375 0.8758703859375 0.614597315625 0.9144609906250001 1 0.8647993015625 1 0.787133646875
0 1 0.8933536078125 0.9778523484375 0.91697776875 0.9157718125000001 0.955568371875 0.8989932890624999 0.9471791109375001 0.8729865765625 0.9530515937499999 0.8679530203125001 0.9715079703124999 0.8720233109375 1 0.9666955421874999 1 1 0.9744665828125001 1 0.8933536078125