0 0.372458990625 0 0.368661753125 0.007594476562499999 0.358694975 0.088989825 0.3636783640625 0.10393999218750001 0.3761368359375 0.114737334375 0.3861036125 0.11639846406250001 0.40935942656249996 0.089820390625 0.4359375 0.0798536125 0.47912686875 0.09646490937499999 0.4890625 0.0936261578125 0.4890625 0.0271676265625 0.4857713875 0.0266974671875 0.482449128125 0.020052948437500002 0.4409208890625 0.0233752078125 0.4286767328125 0 0.372458990625 0
0 0.29723318125 0.2634084296875 0.325472384375 0.28334198437499997 0.4226484640625 0.1894881640625 0.45254879531250003 0.19613268281250001 0.46832952656250004 0.18533534062499998 0.4716517859375 0.1737074328125 0.46500726718749996 0.15045162031249998 0.4226484640625 0.1097539453125 0.396070390625 0.10144829687500001 0.38361191875 0.1122456390625 0.3902564375 0.1587572671875 0.3678311875 0.162910090625 0.293910921875 0.240152615625 0.29723318125 0.2634084296875
0 0.5727034875 0 0.5990656140625 0.008238164062500001 0.9993978406250001 0.23249065624999998 1 0.232748725 1 0.16645931875 0.6993328546875001 0 0.5727034875 0
0 1 0.44568832968749994 0.9611918609375 0.430165075 0.9229858796875 0.42352055625 0.881457640625 0.40690926093749996 0.8681686046875001 0.3919590953125 0.8382682718750001 0.3786700578125 0.4890625 0.2360157859375 0.4890625 0.2966078171875 0.962852990625 0.48498235 0.9902616281250001 0.50076308125 0.9886004984374999 0.5190355062500001 0.9960755812500001 0.52817171875 1 0.5283782671874999 1 0.44568832968749994
0 1 0.2687545 0.9744808968750001 0.2806634140625 0.9362749171875 0.2740188953125 0.9312915281249999 0.265713246875 0.9146802328125 0.26903550625 0.9063745843749998 0.2590687296875 0.894746678125 0.2640521171875 0.8831187703125 0.254085340625 0.8714908640625 0.25740759999999996 0.8598629562500001 0.247440821875 0.8482350499999999 0.2524242109375 0.8366071421875001 0.2407963046875 0.8183347171875 0.24411856250000002 0.8116901999999999 0.23415178593750002 0.7967400328125 0.2374740453125 0.7884343859375 0.229168396875 0.77348421875 0.2374740453125 0.758534053125 0.2308295265625 0.7211586375 0.24162686875 0.765178571875 0.2740188953125 0.9645141203125001 0.3304973 0.9886004984374999 0.3695338453125 0.9969061468749999 0.371194975 1 0.36381732499999997 1 0.2687545
0 0.9753114625 0.3795006234375 0.9238164453125 0.3412946421875 0.925477575 0.324683346875 0.9146802328125 0.31720826406249997 0.8905938531250002 0.3446169015625 0.8756436875 0.3878062703125 0.894746678125 0.3853145765625 0.9329526578125 0.42019829687500004 0.9454111296875001 0.4226899921875 0.965344684375 0.407739825 0.9753114625 0.3795006234375
0 0.653052325 0.5074076 0.6680024921875 0.48913517500000003 0.6763081390625001 0.44428467656250004 0.7053779062500001 0.43680959374999995 0.7111918609375 0.42767337968749997 0.665510796875 0.40192587187499995 0.6306270765625 0.3986036125 0.619829734375 0.4044175671875 0.6347799000000001 0.43099563906249994 0.6181686046875 0.46754049062499997 0.6181686046875 0.4941185625 0.6372715953125 0.506577034375 0.653052325 0.5074076
0 0.6715674484375 0.5390625 0.4890625 0.46264417187499995 0.4890625 0.5253145390625 0.5228074953124999 0.5390625 0.6715674484375 0.5390625
0 0.7618490453125 0.5390625 0.740941653125 0.5913309796874999 0.6080512875 0.89199543125 0.604729028125 0.9302014125 0.5947622515625 0.9584406140624999 0.6254931484374999 0.9808658640625 0.6429350078125 0.981696428125 0.6861243765625 0.90528446875 0.8339649093749999 0.553125 0.840909353125 0.5390625 0.7618490453125 0.5390625
0 1 0.5390625 0.8999160968750001 0.5390625 0.7791476328125 0.75079941875 0.7176858390625 0.8803675249999999 0.6761576 0.94182931875 0.6695130812500001 0.9650851328125001 0.663699128125 0.9692379562500001 0.666190821875 0.9617628734375 0.6587157390625 0.960932309375 0.6545629156249999 0.981696428125 0.6462572671875 0.988340946875 0.6418851218749999 1 0.7290723625 1 0.7509084296874999 0.9684073921875 0.85555959375 0.76907184375 0.907054609375 0.6893376250000001 0.9801443109375001 0.5398359640625 1 0.5423815656250001 1 0.5390625
0 1 0.7408130765625 0.9826360046874999 0.7250519109375 0.9244964703124999 0.688507059375 0.9236659046875001 0.7557828078125001 0.777486503125 0.9468127078125 0.777486503125 0.9584406140624999 0.75589181875 0.9900020765625002 0.7549829171875 1 0.7714063921875 1 0.83064265 0.9534572265625 0.9668552734375 0.797311046875 0.9726692281249999 0.7831914453125 1 0.7848478562500001 1 0.7408130765625
0 1 0.8293856500000001 0.857214009375 1 0.9491185125000001 1 1 0.9362024421875 1 0.8293856500000001