0 0.3890625 0.30895472343749997 0.36064872187499997 0.30753403437500004 0.349097565625 0.317435025 0.3358962453125 0.3091842 0.3292955859375 0.317435025 0.30949360625 0.31248452968749996 0.299592615625 0.3190851890625 0.28309096562499997 0.31248452968749996 0.274840140625 0.32403568437499997 0.25833849062500003 0.315784859375 0.250087665625 0.32568585 0.22863552031249998 0.3207353546875 0.21708436406249998 0.33063634531249997 0.2038830453125 0.32403568437499997 0.17913056875 0.333936675 0.12137479375 0.340537334375 0.0957972359375 0.36611489218750004 0.11312396875 0.3900422859375 0.13622627812500002 0.393342615625 0.250087665625 0.3751908 0.3890625 0.36505721874999997 0.3890625 0.30895472343749997
0 0.3890625 0.41911999843750003 0.11477413437499999 0.39499278125 0.000912746875 0.39169244999999997 0 0.39243924375 0 0.46353283437500004 0.17087974374999998 0.4841016921875 0.2434870046875 0.4841016921875 0.3890625 0.4964196171875 0.3890625 0.41911999843750003
0 0.2474691140625 0.709375 0.18325598125 0.582286509375 0.1717048265625 0.5707353546875 0.2047081265625 0.5294812296875 0.20140779687500002 0.508029084375 0.1758302390625 0.4907023515625 0.11642429843749999 0.50225350625 0.07021967812499999 0.5270059812500001 0.0380414609375 0.567435025 0.0611437703125 0.5756858499999999 0.05949360625 0.5921875 0.0669193484375 0.602913571875 0.110648721875 0.607038984375 0.163278671875 0.709375 0.2474691140625 0.709375
0 0.609375 0.2515625 0.05078125 0.0765625
0 0.475 0.3109375 0.0609375 0.09296875
0 0.76953125 0.42265625 0.06328125 0.0796875
0 0.47734375 0.6578125 0.05546875 0.0765625
0 0.28359375 0.759375 0.01484375 0.02109375
0 0.1265625 0.71484375 0.015625 0.0109375
0 0.13671875 0.8046875 0.015625 0.0203125
0 0.009375 0.75234375 0.01875 0.0265625
0 0.2546875 0.9796875 0.0171875 0.01953125
0 0.23359375 0.9609375 0.015625 0.0203125
0 0.2171875 0.94140625 0.01484375 0.02265625
0 0.19609375 0.92421875 0.015625 0.02109375
0 0.36484375 0.74375 0.01875 0.0328125
0 0.35234375 0.771875 0.01953125 0.03046875