0 1 0 0.4296875 0 0.4296875 0.3796875 0.7378068234375 0.3796875 0.7690230578125 0.24144417499999998 1 0.0947058828125 1 0
0 0.173120971875 0.3796875 0.4296875 0.5234073390625 0.4296875 0.45541860468749995 0.292898190625 0.3796875 0.173120971875 0.3796875
0 0.4296875 0.74678754375 0.41921394999999995 0.7425981234375 0.379964803125 0.7357721843749999 0.3373026875 0.7187073375 0.3236508109375 0.7033489765625001 0.2929340875 0.6896970984374999 0 0.5700304078125 0 0.6315582078124999 0.420920434375 0.7989121156250001 0.4296875 0.8039598203124999 0.4296875 0.74678754375
0 0.4296875 0.5884617515625 0.39361668125 0.5821885671875 0.3884972265625 0.57365614375 0.37143238125 0.5770691125 0.3628999578125 0.5668302046875 0.350954565625 0.571949659375 0.339009171875 0.5617107515625 0.3270637796875 0.5651237203124999 0.3151183875 0.5548848125 0.3031729953125 0.560004265625 0.29122760312499996 0.5480588734375 0.272456271875 0.55147184375 0.2656303328125 0.541232934375 0.2502719703125 0.5446459046875 0.2417395484375 0.5361134812499999 0.2263811859375 0.5446459046875 0.211022825 0.537819965625 0.1726269203125 0.5489121156250001 0.2178487625 0.5821885671875 0.4226269203125 0.64020904375 0.4296875 0.6516520531250001 0.4296875 0.5884617515625
0 0.4296875 0.687559175 0.38081804531249996 0.6513011953125 0.38252453124999997 0.6342363484375 0.37143238125 0.6265571671875 0.346688353125 0.6547141640625 0.33132999218750003 0.6990827640624999 0.350954565625 0.6965230375 0.3902037109375 0.7323592156250001 0.403002346875 0.7349189421875 0.42348016250000003 0.7195605796875 0.4296875 0.7019731234375 0.4296875 0.687559175
0 0.10266105 0.821949659375 0.11801941093749999 0.803178328125 0.126551834375 0.7571032421874999 0.156415315625 0.7494240609375 0.16238801249999998 0.7400383953125 0.11545968437500001 0.713587884375 0.07962350625 0.7101749140625 0.06853135625 0.7161476109375 0.08388971875 0.743451365625 0.066824871875 0.7809940265625 0.066824871875 0.8082977812500001 0.0864494453125 0.821096415625 0.10266105 0.821949659375
0 0.420018559375 1 0.421773678125 0.9960110921875 0.42689313125000006 0.967000853125 0.41921394999999995 0.952495734375 0.4038555890625 0.9473762796875 0.3884972265625 0.959321671875 0.3680194109375 0.9576151875000001 0 0.8035183890625 0 0.867155503125 0.326072853125 1 0.420018559375 1
0 0.4296875 0.9160878531249999 0.5983415109375001 0.732231228125 0.613699871875 0.7407636515625 0.6299114765625 0.736497440625 0.6333244453125 0.7091936859375 0.594928540625 0.669091296875 0.576157209375 0.6571459046875 0.5590923640625001 0.6571459046875 0.5480002140625 0.6648250859375 0.54458724375 0.676770478125 0.5514131828125001 0.695541809375 0.541174275 0.7091936859375 0.4296875 0.8289207874999999 0.4296875 0.9160878531249999
0 0.66895191875 0.3796875 0.8287169375 0.5172141640625 0.9140411687500001 0.587180034375 0.9302527734375001 0.5931527296875 0.96267598125 0.5641424921875 0.96608895 0.553903584375 0.960969496875 0.5470776453124999 0.7664716359374999 0.3796875 0.66895191875 0.3796875
0 0.687148571875 1 0.6879319546875 0.9975895906249999 0.6981708624999999 0.9924701359375 0.699877346875 0.9736988046875 0.7544848546875 0.9481015359375 0.7382732515624999 0.9284769624999999 0.6597749578125001 0.8977602390625 0.6384439000000001 0.9020264499999999 0.6555087453125 0.9481015359375 0.6520957765625 0.9719923203124999 0.6384439000000001 0.9839377140625001 0.6353844171875 1 0.687148571875 1
0 1 0.6426837109375001 0.9328125 0.624722696875 0.942198165625 0.63752133125 0.942198165625 0.6511732078125 0.923426834375 0.716019625 0.9695019203124999 0.7296715015624999 0.9933927046874999 0.6716510234374999 0.986566765625 0.6562926625 1 0.6551412421875 1 0.6426837109375001