0 0.19532755468750002 0 0.1770541953125 0.0632539328125 0.17530594375 0.089477709375 0.1884178328125 0.10608610156250001 0.20939685312499998 0.11133085625000001 0.2268793703125 0.10433785 0.23736888125000002 0.08161057656250001 0.2863199296875 0.095596590625 0.303802446875 0.0938483390625 0.5390625 0.19046325625 0.5390625 0.1080329671875 0.2826104109375 0 0.19532755468750002 0
0 0.3579982515625 0.2599322546875 0.3955856640625 0.22933785 0.41481643281249997 0.19786931875 0.40782342656250004 0.1716455421875 0.39296328593749996 0.158533653125 0.35450174843750004 0.163778409375 0.331774475 0.139302884375 0.25659964999999996 0.08335882812499999 0.23212412656249998 0.08161057656250001 0.22076048906249998 0.10521197499999999 0.22600524531250002 0.1296875 0.30817307656250004 0.21010707968750003 0.3046765734375 0.2415756125 0.31429195781249997 0.2564357515625 0.33090035 0.264302884375 0.3579982515625 0.2599322546875
0 0.7440637484374999 0.51875 0.784353146875 0.470858828125 0.8175699296874999 0.444635053125 0.8158216781250001 0.43414554218749996 0.8394230765625 0.401802884375 0.8743881124999999 0.41753714999999997 0.8927447546874999 0.41141826875 0.8875 0.383446240625 0.85690559375 0.3493553328125 0.8149475531249999 0.32487980781250003 0.79309440625 0.33099868906249996 0.7948426578125 0.3869427453125 0.7633741265625 0.4131665203125 0.7598776218750001 0.4254042828125 0.7458916078125 0.43414554218749996 0.7458916078125 0.44288679999999997 0.733653846875 0.44813155625 0.7039335671875 0.4848448421875 0.7039335671875 0.4935861015625 0.6916958046875 0.5005791078125 0.689947553125 0.514565121875 0.6866285125 0.51875 0.7440637484374999 0.51875
0 0.11427010468750001 0.7977491265625 0.149235140625 0.7837631125 0.16322115312500002 0.787259615625 0.1719624125 0.77851835625 0.18944492968749999 0.7802666078125 0.19993444062500002 0.77152535 0.21217220312500001 0.7750218531249999 0.22440996562499999 0.76628059375 0.2366477265625 0.7697770984375 0.2488854890625 0.7592875875 0.262871503125 0.7610358390625 0.2803540203125 0.750546328125 0.33979457968750004 0.7767701046875001 0.344165209375 0.7479239515625 0.32318618906249996 0.669252621875 0.30308129375 0.656140734375 0.2716127625 0.70334353125 0.2366477265625 0.7085882859375 0.22790646875 0.71558129375 0.2104239515625 0.712084790625 0.20343094375 0.7208260484375 0.1859484265625 0.7173295453125 0.17720716718750001 0.7260708046875 0.1614729015625 0.7243225531249999 0.1509833921875 0.731315559375 0.13699737812499999 0.72781905625 0.1265078671875 0.7383085671874999 0.1107736015625 0.7365603140625 0.10378059375 0.743553321875 0.0862980765625 0.74005681875 0.0224868875 0.7828889859375 0.0583260484375 0.799497378125 0.08017919531249999 0.8003715031249999 0.11427010468750001 0.7977491265625
0 0.5390625 0.51875 0.3025565140625 0.51875 0 0.5804612437500001 0 0.6362520843749999 0.21217220312500001 0.600196678125 0.5390625 0.5328474203125 0.5390625 0.51875
0 0 0.843203671875 0.012871503125 0.843203671875 0.0216127625 0.8554414328125001 0.033850525 0.8554414328125001 0.0460882859375 0.8676791953125 0.056577796874999996 0.8659309437499999 0.06531905625 0.87816870625 0.081053321875 0.87816870625 0.08804632812499999 0.89040646875 0.10378059375 0.89040646875 0.112521853125 0.90264423125 0.12825611875 0.9008959796875 0.13524912656250002 0.9131337406250001 0.16496940625 0.921875 0.1850743 0.9751966781250001 0.19993444062500002 0.9725743 0.225284090625 0.9384833921875 0.24975961562500001 0.8825393359374999 0.2515078671875 0.8685533218749999 0.243640734375 0.8589379375 0.18944492968749999 0.874672203125 0.018116259375 0.782014859375 0.00238199375 0.7855113640625 0 0.7831293703125001 0 0.843203671875
0 0.48633286875000004 1 0.393116259375 0.6919798953124999 0.3800043703125 0.6683784968750001 0.36776660781250003 0.6666302453124999 0.3336757 0.6849868875 0.3301791953125 0.7077141609375 0.349409965625 0.7514204546875 0.4221425 1 0.48633286875000004 1
0 0.259375 0.7085882859375 0.2794798953125 0.6954763984375 0.28472464999999997 0.6797421328125 0.28122814687500003 0.643028846875 0.2864729015625 0.6237980765625 0.3039554203125 0.606315559375 0.299584790625 0.6019449296875 0.25238199375 0.593203671875 0.213046328125 0.60281905625 0.2270323421875 0.625546328125 0.23052884687500003 0.6937281468750001 0.2427666078125 0.7094624125 0.259375 0.7085882859375
0 1 0.52241720625 0.977840909375 0.537259615625 0.8869318187499999 0.587958915625 0.8554632859375 0.61593094375 0.7697989515625 0.6666302453124999 0.7383304203125001 0.6980987765625 0.7173513984375 0.706840034375 0.7112325171875 0.712958915625 0.7147290203125001 0.7304414328125001 0.740952796875 0.7601617140625001 0.7767919578125 0.7418050703125 0.8012674828125 0.7383085671874999 1 0.6145557171875 1 0.52241720625
0 1 1 1 0.9452374093749999 0.9236451046875 0.9306162593749999 0.8956730765625001 0.9306162593749999 0.8895541953125001 0.936735140625 0.8808129375 0.9769449296874999 0.8869318187499999 0.9970498250000001 0.9154501796875 1 1 1
0 0.5635139859375 0.51875 0.559134615625 0.5223994750000001 0.5626311187499999 0.538133740625 0.5521416078125 0.5503715031249999 0.5573863640625001 0.56610576875 0.54340035 0.5765952796875 0.5503933562500001 0.59058129375 0.5399038468749999 0.60281905625 0.5416520984375001 0.6325393359375 0.5390625 0.6417206390625 0.5390625 0.7719486796874999 0.5958479015625 0.7828889859375 0.6089597906249999 0.7837631125 0.615078671875 0.7723994750000001 0.590603146875 0.7321896859375 0.5853583921875 0.700721153125 0.59409965 0.69023164375 0.59934440625 0.64652535 0.6080856640625 0.6377840906250001 0.609833915625 0.594077796875 0.6203234265625001 0.5835882859375 0.6185751749999999 0.5696022734375 0.6273164328125 0.555616259375 0.62556818125 0.53988199375 0.6313314531249999 0.51875 0.5635139859375 0.51875