0 0.5 0.2217937015625 0.46208129062500003 0.25227736875 0.46943423125 0.26126429687499997 0.4865910953125 0.263715278125 0.5 0.2884158921875 0.5 0.2217937015625
0 0.39917279375 0.38708129062499996 0.41632965625 0.37972835 0.3983558 0.3584865203125 0.3983558 0.3225388078125 0.391002859375 0.2955780234375 0.35342115937499996 0.29394403593749996 0.34443423125 0.299662990625 0.34606821875 0.36012050625 0.33136233593750003 0.37972835 0.339532271875 0.38789828437499996 0.39917279375 0.38708129062499996
0 0.336264296875 0.16894403593750001 0.3411662578125 0.14770220625 0.3411662578125 0.07744076875 0.32891135625 0.053747957812500004 0.31012050625 0.066002859375 0.29132965624999996 0.09296364375 0.268453840625 0.084793709375 0.25374795781250004 0.0896956703125 0.24557802343750001 0.0815257359375 0.20472834999999998 0.0864276953125 0.1900224671875 0.0815257359375 0.18348652031249998 0.0864276953125 0.1736825984375 0.0798917484375 0.132832925 0.084793709375 0.11976102968749999 0.0782577609375 0.10995710781250001 0.084793709375 0.0968852125 0.0782577609375 0.0854473046875 0.0864276953125 0.070741421875 0.084793709375 0.033976715625 0.1068525328125 0.06420547343750001 0.1223754078125 0.07727736874999999 0.1223754078125 0.0854473046875 0.1338133171875 0.1001531859375 0.12727736875 0.10995710781250001 0.138715278125 0.1181270421875 0.13217932968749999 0.1361008984375 0.138715278125 0.14917279375 0.13217932968749999 0.158976715625 0.14034926406249998 0.16714665 0.1338133171875 0.1818525328125 0.138715278125 0.196558415625 0.1338133171875 0.2341401140625 0.14034926406249998 0.24557802343750001 0.1338133171875 0.302767565625 0.138715278125 0.319924428125 0.173845996875 0.336264296875 0.16894403593750001
0 0.16280783125 0.4890625 0.1614276953125 0.47940155156250003 0.0666564546875 0.3780943625 0.0674734484375 0.3217218140625 0 0.37189437812500004 0 0.40424902500000004 0.0249897875 0.405055146875 0.0454146234375 0.43364991875000003 0.0568525328125 0.4385518796875 0.06175449374999999 0.45325776093750003 0.0764603765625 0.46142769531249994 0.0780943625 0.4728656046875 0.0911662578125 0.47940155156250003 0.0911662578125 0.4890625 0.16280783125 0.4890625
0 0.70699550625 0.4890625 0.714470996875 0.4834558828125 0.7651245921875001 0.40175653593750005 0.747967728125 0.39767156875 0.713654003125 0.40257352968750004 0.6842422390625 0.37806372499999996 0.67117034375 0.3747957515625 0.661366421875 0.36008986875 0.6531964875 0.36008986875 0.643392565625 0.3453839875 0.6286866828125 0.34048202656250004 0.605810865625 0.317606209375 0.573131128125 0.299632353125 0.5665951796875 0.28819444375000003 0.5486213234374999 0.28492647031249996 0.5420853765625 0.2767565359375 0.52574550625 0.280024509375 0.5143075984375 0.2702205875 0.5 0.2702205875 0.5 0.2904922390625 0.50695465625 0.3020833328125 0.5216605390625 0.3135212421875 0.5241115203125 0.32577614375 0.5355494281250001 0.32577614375 0.5437193625 0.3388480390625 0.68832720625 0.44260620937499995 0.6937926515624999 0.4890625 0.70699550625 0.4890625
0 1 0.16569606718750002 0.966104984375 0.1321486921875 0.9693729578125 0.1076388890625 0.9587520421875 0.0904820265625 0.9391442 0.08721405156249999 0.9080984484375 0.1068218953125 0.8844056375000001 0.137050653125 0.8876736109374999 0.1599264703125 0.8999285125 0.1672794125 0.9244383171875 0.16564542499999999 1 0.24154071406250002 1 0.16569606718750002
0 0.5 0.6408222328125 0.36150939531250004 0.7978962421875 0.3549734484375 0.8158700984374999 0.3843852125 0.8452818624999999 0.40072508124999995 0.8387459156249999 0.5 0.726781721875 0.5 0.6408222328125
0 0.2932795640625 0.4890625 0 0.610601778125 0 0.6706078921875 0.2936989375 0.5487132359375 0.3786662578125 0.5405433000000001 0.390921159375 0.525020425 0.383429925 0.4890625 0.2932795640625 0.4890625
0 0.34762050625 0.6369485296875 0.40235906874999994 0.6165236921874999 0.3999080875 0.6091707515625 0.3778492640625 0.59691585 0.36477736875 0.5560661765625 0.3525224671875 0.5421772875 0.321476715625 0.5454452609375 0.3108558 0.5560661765625 0.33046364375000004 0.61325571875 0.32882965625 0.6263276140625 0.3173917484375 0.639399509375 0.34762050625 0.6369485296875
0 0.5 1 0.5 0.9968443624999999 0.4881433828125 0.9849877453125 0.4734375 0.9849877453125 0.44565972187499997 0.9980596406250001 0.42114991875 0.9947916671874999 0 0.9017932609375 0 0.9620181078125001 0.1741247828125 1 0.5 1
0 0.3010518796875 0.8861315359375 0.3190257359375 0.8126021234374999 0.2904309640625 0.8183210781250001 0.2299734484375 0.8036151953124999 0.21771854531249998 0.8469158499999999 0.27572508125 0.870608659375 0.285529003125 0.8673406859374999 0.29288194375 0.8779616015624999 0.29288194375 0.892667484375 0.3010518796875 0.8861315359375
0 1 0.4890625 0.8933826140625 0.4890625 0.5 0.6244324 0.5 0.6839721078125 1 0.5071428390625 1 0.4890625
0 1 0.59606276875 0.645006128125 0.67270220625 0.6294832515625 0.681689134375 0.6294832515625 0.698029003125 0.6376531859375 0.7225388078125 0.6490910953125 0.72744076875 1 0.655285509375 1 0.59606276875
0 0.7798100484375 0.97744076875 0.7814440359375 0.9561989375 0.8239276953125 0.913715278125 0.8173917484375 0.894107434375 0.7936989375 0.8720486109374999 0.7479473046875 0.9096303109375 0.7193525328125 0.9186172390625 0.732424428125 0.9431270421875 0.770006128125 0.9807087421875 0.7798100484375 0.97744076875
0 0.750398284375 0.8058721406250001 0.7536662578125 0.768290440625 0.7250714875 0.7544015515625 0.697293709375 0.7494995921875001 0.6834048203125 0.72417279375 0.6744178921875 0.7249897875 0.65399305625 0.7552185453125 0.6490910953125 0.8075061281250001 0.6564440359375 0.8115910953125001 0.6760518796875 0.8017871734375 0.730790440625 0.8173100484375 0.750398284375 0.8058721406250001