0 0.158956825 0.4390625 0.099158653125 0.3642578125 0.10163118125 0.34619140625 0.099158653125 0.3369140625 0.092015796875 0.3310546875 0.0843234890625 0.33203125 0.0782795328125 0.326171875 0.0749828296875 0.3271484375 0.0659168953125 0.34326171875 0.0631696421875 0.35693359375 0.0686641484375 0.36865234375 0.0722355765625 0.38671875 0.08157623593749999 0.39453125 0.085422390625 0.3935546875 0.091466346875 0.384765625 0.09586195 0.38671875 0.13733313125 0.4390625 0.158956825 0.4390625
0 0.1181146984375 0.26611328125 0.12443337968749998 0.2724609375 0.129927884375 0.271484375 0.1453125 0.2900390625 0.21234546718749997 0.416015625 0.220037775 0.42578125 0.2247081046875 0.42529296875 0.22800480781250002 0.42236328125 0.2285542578125 0.40869140625 0.1461366765625 0.25341796875 0.1461366765625 0.24658203125 0.1499828296875 0.23876953125 0.1472355765625 0.22314453125 0.1453125 0.2197265625 0.13707074218749998 0.2216796875 0.1332245875 0.21484375 0.12333447812500001 0.216796875 0.11207074218749999 0.23974609375 0.1181146984375 0.26611328125
0 0.18459821406250002 0.15576171875 0.1813015109375 0.16552734375 0.1818509609375 0.17041015625 0.1909168953125 0.1796875 0.1953125 0.1748046875 0.20767513750000002 0.19775390625 0.2565762359375 0.33740234375 0.26509272031250003 0.3544921875 0.274158653125 0.36474609375 0.2747081046875 0.35595703125 0.267015796875 0.31982421875 0.229103709375 0.21728515625 0.2131696421875 0.16650390625 0.2126201921875 0.15771484375 0.217565246875 0.15087890625 0.217015796875 0.13427734375 0.21014766406250002 0.130859375 0.20135645625 0.1201171875 0.18871909375 0.1279296875 0.1834993125 0.13916015625 0.18459821406250002 0.15576171875
0 0.2807520609375 0.09912109375 0.2694883234375 0.099609375 0.26207074218750004 0.10693359375 0.26207074218750004 0.11376953125 0.2714114015625 0.13232421875 0.2966861265625 0.24853515625 0.30327953281250003 0.25439453125 0.304378434375 0.23681640625 0.279103709375 0.12158203125 0.2807520609375 0.09912109375
0 0.3433894234375 0.19384765625 0.34613667656249997 0.20751953125 0.3494333796875 0.21044921875 0.35163118125000004 0.20654296875 0.35218063125 0.18603515625 0.3466861265625 0.09716796875 0.34723557656250004 0.08740234375 0.35218063125 0.07763671875 0.348059753125 0.0732421875 0.33926854375 0.072265625 0.3321256875 0.0771484375 0.329653159375 0.08447265625 0.3348729390625 0.087890625 0.33734546718749997 0.09814453125 0.3433894234375 0.19384765625
0 0.41042239062499997 0.08740234375 0.41371909375 0.07666015625 0.41124656562500006 0.072265625 0.4030048078125 0.0712890625 0.398883928125 0.07568359375 0.40163118124999997 0.09716796875 0.40108173125 0.19287109375 0.40163118124999997 0.19775390625 0.4060267859375 0.20166015625 0.4087740390625 0.18994140625 0.41042239062499997 0.08740234375
0 0.44229052187500006 0.20947265625 0.4439388734375 0.21337890625 0.4472355765625 0.21044921875 0.45053227968750004 0.19677734375 0.45987293906250004 0.10400390625 0.46097184062499996 0.09619140625 0.4653674453125 0.08837890625 0.4653674453125 0.08447265625 0.4601476640625 0.078125 0.45135645625 0.078125 0.448883928125 0.08349609375 0.45163118124999996 0.09228515625 0.44229052187500006 0.18896484375 0.44229052187500006 0.20947265625
0 0.509375 0.0946935015625 0.5030048078125 0.09375 0.5005322796875 0.09716796875 0.5005322796875 0.12353515625 0.48404876406249997 0.21630859375 0.4845982140625 0.22705078125 0.48954326875 0.22998046875 0.4972355765625 0.20654296875 0.4994333796875 0.17822265625 0.509375 0.122423671875 0.509375 0.0946935015625
0 0.87557884375 0 0.509375 0.288630128125 0.509375 0.4059103265625 0.8604910718750001 0.1921875 0.9247767859374999 0.1296875 0.9497767859374999 0.0234375 0.9462053578125001 0.0046875 0.9234375 0 0.87557884375 0
0 0.12316277499999999 0.885546875 0.13360233593749998 0.8796875 0.15448145625 0.8884765625 0.1786572796875 0.928515625 0.18415178593749998 0.9275390625 0.1882726640625 0.90556640625 0.189371565625 0.86943359375 0.1882726640625 0.82451171875 0.182228709375 0.77080078125 0.175910028125 0.7634765625 0.1715144234375 0.764453125 0.1500858515625 0.8103515625 0.1412946421875 0.8162109375 0.1253605765625 0.82109375 0.11766826875 0.8279296875 0.113822115625 0.8201171875 0.1088770609375 0.8171875 0.10448145625000001 0.826953125 0.09294299375000001 0.8328125 0.0841517859375 0.8240234375 0.08167925781249999 0.82939453125 0.083327609375 0.83623046875 0.08030563125 0.840625 0.0687671703125 0.8494140625 0.059975960937499996 0.8435546875 0.0597012359375 0.85869140625 0.0555803578125 0.8640625 0.045140796875 0.866015625 0.039371565625 0.88798828125 0.02948145625 0.89775390625 0.02288805 0.91826171875 0.0250858515625 0.93095703125 0.0308550828125 0.9392578125 0.0349759609375 0.93974609375 0.04184409375 0.9294921875 0.05503090625 0.9314453125 0.059975960937499996 0.9158203125 0.0726133234375 0.916796875 0.0756353015625 0.91044921875 0.076184753125 0.90166015625 0.07975618125 0.8982421875 0.089646290625 0.89921875 0.0967891484375 0.889453125 0.10503090625 0.893359375 0.1094265109375 0.88359375 0.12316277499999999 0.885546875
0 1 1 1 0.4390625 0.8937001328124999 0.4390625 0.8843085109375 0.4578457453125 0.90558510625 0.48976063906250006 0.8843085109375 0.511037234375 0.90558510625 0.52167553125 0.90558510625 0.553590425 0.8843085109375 0.5642287234375 0.90558510625 0.574867021875 0.90558510625 0.64933510625 0.8843085109375 0.68125 0.9162234046875 0.68125 0.9162234046875 0.7025265953125001 0.8843085109375 0.7025265953125001 0.8843085109375 0.7344414890625 0.90558510625 0.7344414890625 0.8949468078124999 0.819547871875 0.9162234046875 0.819547871875 0.8949468078124999 0.8514627656249999 0.8949468078124999 0.9791223406250001 0.9162234046875 0.9897606390625 0.918586334375 1 1 1