0 0.099202 0.361933 0.161170 0.163989
0 0.676562 0.360156 0.014844 0.020313
0 0.828906 0.314063 0.014844 0.017969
0 0.823438 0.259375 0.016406 0.017969
0 0.819531 0.403906 0.014844 0.019531
0 0.942969 0.353906 0.019531 0.026562
0 0.937500 0.182031 0.014844 0.017969
0 0.963281 0.189062 0.014844 0.017969
0 0.705469 0.573438 0.016406 0.018750
0 0.725000 0.555469 0.014844 0.019531
0 0.741406 0.535937 0.014844 0.021875
0 0.761719 0.519531 0.014844 0.020313
0 0.358339 0.886332 0.520822 0.110842
0 0.161027 0.957698 0.295527 0.084605
