0 0.442731 0.037228 0.333287 0.074455
0 0.370233 0.182199 0.102848 0.092563
0 0.669407 0.277703 0.120065 0.144594
0 0.847025 0.175000 0.152351 0.350000
0 0.847296 0.175000 0.151809 0.350000
0 0.934726 0.123616 0.094038 0.247231
0 0.141119 0.655044 0.230997 0.175877
0 0.711422 0.445618 0.204094 0.057218
0 0.761337 0.363331 0.053742 0.026661
0 0.629935 0.949446 0.041119 0.087025
0 0.683524 0.814772 0.148298 0.370456
0 0.680558 0.702215 0.098101 0.098892
0 0.746222 0.749684 0.134494 0.291930
0 0.879045 0.730142 0.241911 0.474366
