0 0.374565 0.252024 0.198361 0.345082
0 0.283581 0.451486 0.091803 0.275154
0 0.128286 0.294531 0.179442 0.589063
0 0.743309 0.436537 0.227242 0.305051
0 0.265419 0.708568 0.254660 0.239011
0 0.537349 0.722180 0.184677 0.266235
0 0.408581 0.642418 0.059016 0.066393
0 0.544647 0.975922 0.078689 0.048156
0 0.282162 0.875922 0.114376 0.248156
0 0.248338 0.980840 0.058192 0.038320
0 0.801050 0.712372 0.121311 0.197541
0 0.910886 0.689421 0.127869 0.194262
0 0.948066 0.770569 0.103868 0.192623
0 0.955025 0.906776 0.089951 0.186447
