0 0.053906 0.908594 0.018750 0.024219
0 0.014063 0.796875 0.018750 0.021875
0 0.003125 0.874219 0.006250 0.017188
0 0.141406 0.653906 0.010937 0.014063
0 0.110937 0.750781 0.017969 0.025000
0 0.078125 0.727344 0.013281 0.017188
0 0.058594 0.718750 0.014063 0.019531
0 0.018750 0.725000 0.014844 0.015625
0 0.038281 0.739062 0.018750 0.025000
0 0.060156 0.778906 0.020313 0.017188
0 0.030469 0.850000 0.012500 0.017188
0 0.874219 0.915625 0.025781 0.032031
0 0.743750 0.957812 0.035156 0.039844
0 0.792188 0.880469 0.029687 0.044531
0 0.825000 0.893750 0.032031 0.040625
