0 0.481041 0.255105 0.037919 0.066622
0 0.373846 0.340921 0.084967 0.093954
0 0.187571 0.113797 0.307190 0.120098
0 0.081404 0.405392 0.162808 0.167341
0 0.632562 0.379642 0.265125 0.218842
0 0.942203 0.164377 0.115594 0.154327
0 0.427487 0.743052 0.145027 0.204460
0 0.195461 0.579835 0.390921 0.181545
0 0.356607 0.590788 0.091503 0.097222
0 0.250000 0.950897 0.500000 0.098207
0 0.268372 0.848141 0.101307 0.089052
0 0.750000 0.586517 0.500000 0.194910
0 0.814742 0.661752 0.370517 0.131378
0 0.771640 0.926379 0.104575 0.108660
0 0.701379 0.770741 0.104575 0.093137
