0 0.242430 0.350438 0.293265 0.085809
0 0.194531 0.444056 0.389062 0.104727
0 0.142755 0.600039 0.209428 0.218673
0 0.609375 0.251563 0.050781 0.076563
0 0.475000 0.310937 0.060937 0.092969
0 0.769531 0.422656 0.063281 0.079687
0 0.477344 0.657813 0.055469 0.076563
0 0.283594 0.759375 0.014844 0.021094
0 0.126562 0.714844 0.015625 0.010937
0 0.136719 0.804688 0.015625 0.020313
0 0.009375 0.752344 0.018750 0.026562
0 0.254688 0.979688 0.017188 0.019531
0 0.233594 0.960938 0.015625 0.020313
0 0.217188 0.941406 0.014844 0.022656
0 0.196094 0.924219 0.015625 0.021094
0 0.364844 0.743750 0.018750 0.032813
0 0.352344 0.771875 0.019531 0.030469
