0 0.553125 0.56484375 0.0578125 0.075
0 0.6 0.63984375 0.0546875 0.07890625
0 0.5875 0.6875 0.053125 0.08125
0 0.63125 0.71015625 0.0515625 0.0875
0 0.5390625 0.72734375 0.04375 0.08359375
0 0.578125 0.72734375 0.0390625 0.08359375
0 0.63125 0.75 0.0609375 0.07109375
0 0.6984375 0.43984375 0.0515625 0.07890625
0 0.6296875 0.43515625 0.0375 0.07734375
0 0.46875 0.46015625 0.059375 0.07109375
0 0.5390625 0.98984375 0.04375 0.01875
0 0.5765625 0.98984375 0.0390625 0.01875
0 0.6296875 0.98125 0.0609375 0.03515625