0 0.661755 0.269531 0.113990 0.539062
0 0.458173 0.162809 0.146216 0.325618
0 0.393407 0.376277 0.199336 0.325571
0 0.729688 0.066406 0.021875 0.070312
0 0.935156 0.501563 0.048438 0.061719
0 0.735938 0.406250 0.034375 0.084375
0 0.957031 0.161719 0.039844 0.045312
0 0.566406 0.883594 0.049219 0.065625
0 0.657031 0.710938 0.053906 0.053906
0 0.170313 0.771875 0.031250 0.044531
0 0.203906 0.866406 0.031250 0.040625
0 0.075000 0.941406 0.028906 0.042188
0 0.671875 0.822656 0.033594 0.038281
0 0.403906 0.691406 0.028125 0.037500
