0 0.069175 0.360107 0.138350 0.063291
0 0.482902 0.125646 0.047053 0.092233
0 0.569136 0.131076 0.219521 0.242215
0 0.754654 0.244531 0.297085 0.489063
0 0.925682 0.301420 0.148635 0.171843
0 0.907486 0.411028 0.185028 0.156069
0 0.339277 0.613889 0.240197 0.249653
0 0.188031 0.803530 0.314800 0.392939
0 0.356507 0.725336 0.082278 0.094146
0 0.756636 0.740309 0.486729 0.461234
0 0.564646 0.689280 0.210542 0.058544
0 0.533792 0.755218 0.148833 0.054345
0 0.827354 0.613726 0.194620 0.154272
0 0.587589 0.829757 0.256428 0.254055
