0 0.312153 0.263919 0.099702 0.178571
0 0.665551 0.204192 0.431101 0.394744
0 0.959598 0.197693 0.080804 0.102381
0 0.748562 0.363566 0.096825 0.081746
0 0.398209 0.937252 0.103581 0.125496
0 0.137450 0.666171 0.274901 0.113492
0 0.031101 0.544792 0.062202 0.089583
0 0.198621 0.899157 0.139861 0.201687
0 0.116171 0.916171 0.098413 0.099206
0 0.058879 0.908681 0.117758 0.182639
0 0.950682 0.524752 0.098636 0.049504
0 0.820412 0.602679 0.092063 0.077778
0 0.566374 0.976736 0.066806 0.046528
0 0.910206 0.551658 0.179588 0.103317
0 0.569333 0.832837 0.238666 0.257143
