0 0.280754 0.021089 0.138491 0.042177
0 0.657031 0.511719 0.014844 0.021094
0 0.814844 0.464062 0.014844 0.018750
0 0.809375 0.407813 0.017188 0.018750
0 0.805469 0.557031 0.015625 0.020313
0 0.933594 0.506250 0.020313 0.027344
0 0.927344 0.327344 0.015625 0.018750
0 0.954688 0.334375 0.014844 0.018750
0 0.502344 0.232813 0.020313 0.024219
0 0.589063 0.277344 0.014063 0.022656
0 0.576562 0.496094 0.018750 0.032813
0 0.589063 0.525000 0.019531 0.030469
0 0.175000 0.771904 0.350000 0.264151
0 0.676607 0.738324 0.646786 0.198523
