0 0.5112007937499999 0.4296875 0.5099620171875 0.42175835 0.5002935078124999 0.4173379171875 0.4939399171875 0.4089882125 0.49449240312500004 0.3981827109375 0.49255870156250003 0.3937622796875 0.4881388125 0.3996561890625 0.48427140937499996 0.3986738703125 0.47239295625000005 0.3854125734375 0.4715642265625 0.3731335953125 0.4621719609375 0.3809921421875 0.452227209375 0.3731335953125 0.44725483437499997 0.3633104125 0.43786256874999996 0.3721512765625 0.4301277625 0.36429273125 0.41521063593749996 0.358398821875 0.402227209375 0.3431728875 0.38592886718749997 0.3024066796875 0.37985151875 0.30142436093749997 0.3751553875 0.30780942968749997 0.37128798281250003 0.32450884062499996 0.3641056625 0.396218075 0.3641056625 0.4296875 0.3984885484375 0.4296875 0.40029350781249995 0.4271611 0.42239295625000006 0.422249509375 0.428470303125 0.42814341875000006 0.4422824578125 0.4271611 0.4433158578125 0.4296875 0.5112007937499999 0.4296875
0 0.8802736531249999 0.4296875 0.8811636734375 0.4233576859375 0.87784875625 0.39487045625 0.861274171875 0.3359313609375 0.8394509671874999 0.2971297890625 0.8300587015625001 0.288288925 0.8206664359375001 0.28730660625 0.8143128453124999 0.29467399375 0.8104454421874999 0.3064618125 0.8087879828125001 0.3467368609375 0.805473065625 0.3663832265625 0.7930421265625001 0.390450025 0.7836498625 0.3924146609375 0.7720476515625 0.408131753125 0.7632078734375 0.4061671171875 0.7549205796875 0.422866528125 0.7499482046875 0.4169726171875 0.7392213390625 0.4296875 0.8802736531249999 0.4296875
0 0.5390625 0.5047870359375 0.5089865328125 0.5868307953125 0.5040141578124999 0.6143357078125 0.50456664375 0.623176571875 0.510920234375 0.616791503125 0.5233511734375 0.5927247046875 0.5390625 0.5464448671875 0.5390625 0.5047870359375
0 0.48853832812500003 0.4296875 0.475284875 0.48859896875000003 0.4736274171875 0.506280696875 0.475284875 0.5121746078125 0.47942852187499996 0.5116834484374999 0.48191470937499997 0.506280696875 0.49848331874999996 0.4296875 0.48853832812500003 0.4296875
0 0.42680259375 0.4296875 0.42611360468750004 0.4414476921875 0.42611360468750004 0.46109405625 0.4288760359375 0.468952603125 0.4327434390625 0.46404101249999996 0.434953384375 0.45225319218750004 0.43636356718749997 0.4296875 0.42680259375 0.4296875
0 0.32472344531249997 0.4296875 0.327218578125 0.4542178296875 0.33053349375 0.46797028437500005 0.3338484109375 0.4718995578125 0.33605835625 0.45127087499999996 0.3339087140625 0.4296875 0.32472344531249997 0.4296875
0 0.292964434375 0.48368737656250005 0.2935169203125 0.47681114999999996 0.2896495171875 0.469934921875 0.2888207875 0.461585215625 0.28357216875 0.4669879671875 0.2857821125 0.481722740625 0.28854454375 0.48663433125 0.292964434375 0.48368737656250005
0 0.2776374734375 0.4296875 0.2785997921875 0.43555378125 0.28025725156250003 0.46109405625 0.2813622234375 0.45225319218750004 0.2838484109375 0.44979739687500003 0.287163328125 0.44979739687500003 0.2890970296875 0.457164784375 0.2890970296875 0.44537696406249994 0.2857879390625 0.4296875 0.2776374734375 0.4296875
0 0.1747323890625 0.545573428125 0.16976001406250002 0.4925282421875 0.174179903125 0.48761665 0.175284875 0.481722740625 0.17058874375 0.47828462656250004 0.1589865328125 0.48123158125 0.14766056562500002 0.49645751406249994 0.1562241015625 0.4969486734375 0.1592627765625 0.50136910625 0.169207528125 0.5495027015625 0.1719699578125 0.55244965625 0.1747323890625 0.545573428125
0 0.1986668125 0.4296875 0.1995942671875 0.430642190625 0.2227986875 0.5033337421875 0.23053349375 0.521015471875 0.23329592500000002 0.5180685171875 0.23053349375 0.49645751406249994 0.20978023281249997 0.4296875 0.1986668125 0.4296875
0 0.5730760484374999 0.4296875 0.5849897546875 0.4407451921875 0.5812981703125 1 0.6828263828125001 1 0.6792520484375 0.42975618125 0.6793749984375 0.4296875 0.5730760484374999 0.4296875