0 0.011018681249999999 0 0.0112092390625 0.0022606390625 0.021535326562500002 0.0061291109375 0.025339673437499998 0.0322412953125 0.029959239062499997 0.0365933265625 0.0351222828125 0.0486823015625 0.040557065625 0.086399903125 0.031317934375 0.1540981625 0.032404890625 0.1599008703125 0.0356657609375 0.16183510625 0.0516983703125 0.15071325 0.108220109375 0.0936532875 0.1204483703125 0.07672872343750001 0.12207880468750001 0.066090425 0.11854619531249999 0.059804159375 0.08213315156249999 0.043363153125 0.068817934375 0.0206358796875 0.0639266296875 0.0051619921875000006 0.060234682812499996 0 0.011018681249999999 0
0 0.480267209375 0 0.48362771718750003 0.015697534375 0.49232337031249995 0.014730415625000002 0.4974864125 0.0403590421875 0.507269021875 0.050997340625 0.5159646734375001 0.090649178125 0.510529890625 0.1651172625 0.51297554375 0.16946929375 0.5170516296875001 0.168985734375 0.541779890625 0.14625846250000002 0.5819972828125 0.0930669734375 0.5953125 0.0703397 0.59639945625 0.0548658125 0.59014945625 0.0485795453125 0.5602581515625 0.0427768375 0.5455842390625 0.02730295 0.5330842390624999 0.003125 0.5299232328125 0 0.480267209375 0
0 0.13648803437499998 0.6648777171875 0.12783222968750002 0.6503849640625 0.12681389999999998 0.644044384375 0.1334330453125 0.620493659375 0.12223141562499999 0.6032835140625 0.1227405796875 0.5960371375 0.1303780546875 0.58245018125 0.119176425 0.5634284421875 0.12426807499999999 0.5335371375 0.12146766875 0.526743659375 0.11510310625 0.520855978125 0.1140847765625 0.5090806156250001 0.11612143593749999 0.49639945625 0.1039014765625 0.4782835140625 0.09728233124999999 0.4393342390625 0.092699846875 0.4248414859375 0.088881109375 0.42348279062499994 0.0870990328125 0.4366168484375 0.0870990328125 0.471942934375 0.0840440421875 0.48100090624999997 0.086080703125 0.4891530796875 0.0865898671875 0.5136096015625 0.0814982171875 0.5262907609375 0.086080703125 0.532631340625 0.08811736249999999 0.5552762687499999 0.0830257125 0.569769021875 0.0896448578125 0.581544384375 0.09168151718749999 0.5996603265625 0.090154021875 0.60600090625 0.0845532078125 0.6132472828125 0.09193609999999999 0.6191349640625 0.0937181765625 0.6241168484375 0.0942273421875 0.645855978125 0.090154021875 0.657631340625 0.0949910890625 0.6617074281249999 0.0983006625 0.6703125 0.0993189921875 0.6866168484375 0.0942273421875 0.7002038046875001 0.100337321875 0.7074501812499999 0.10237398125 0.73100090625 0.0993189921875 0.7735733703125 0.08557153749999999 0.8025588765624999 0.075897403125 0.8324501812499999 0.082261965625 0.8446784421875 0.09880982656250001 0.845131340625 0.16016420625 0.8283740937499999 0.17696665 0.8175045296875 0.1807853875 0.8025588765624999 0.17594832031250002 0.7930480078125 0.1540542265625 0.7676856890625 0.1456530046875 0.7518342390624999 0.13903385937499999 0.73100090625 0.13852469375 0.7074501812499999 0.1308872203125 0.6902400359375 0.1308872203125 0.6802762687499999 0.1359788703125 0.671218296875 0.13648803437499998 0.6648777171875
0 0.4390625 0.795370090625 0.448369565625 0.8219807781250001 0.456793478125 0.8389053437499999 0.46576087031249996 0.8490600828125 0.46630434843749996 0.8403560203125 0.45869565156250003 0.8045726546875 0.4390625 0.7514074468749999 0.4390625 0.795370090625
0 0.472282609375 0.5860039890625 0.4611413046875 0.5864875484375001 0.45380434843749995 0.5937409328125 0.45380434843749995 0.600510759375 0.463043478125 0.6188860015625 0.488043478125 0.7339730421875 0.4945652171875 0.73977575 0.4956521734375 0.7223676250000001 0.47065217343750004 0.608247703125 0.472282609375 0.5860039890625
0 0.5342391296875 0.679814434375 0.536956521875 0.6933540859375 0.540217390625 0.696255440625 0.5423913046875001 0.6923869687499999 0.5429347828125 0.672077490625 0.5375 0.584069753125 0.538043478125 0.5743985734375 0.5429347828125 0.5647273937499999 0.5388586953125001 0.5603753625 0.53016304375 0.5594082453125 0.5230978265624999 0.564243834375 0.5206521734375 0.5714972203124999 0.5258152171875 0.5748821328125 0.5282608703125 0.585036871875 0.5342391296875 0.679814434375
0 0.600543478125 0.5743985734375 0.6038043484375 0.563760275 0.6013586953125 0.5594082453125 0.593206521875 0.5584411265625 0.589130434375 0.5627931578125 0.5918478265625 0.584069753125 0.5913043484375 0.6788473156249999 0.5918478265625 0.6836829062499999 0.5961956515625 0.687551378125 0.59891304375 0.6759459624999999 0.600543478125 0.5743985734375
0 0.6320652171875001 0.6952883218749999 0.6336956515625001 0.6991567937500001 0.636956521875 0.696255440625 0.6402173906249999 0.6827157875000001 0.649456521875 0.5908395796875 0.650543478125 0.5831026359375 0.6548913046875 0.5753656921875 0.6548913046875 0.5714972203124999 0.6497282609375 0.565210953125 0.6410326093750001 0.565210953125 0.63858695625 0.5705301015625001 0.6413043484375001 0.5792341640625 0.6320652171875001 0.67497884375 0.6320652171875001 0.6952883218749999
0 0.6788043484375 0.7155978000000001 0.68641304375 0.6923869687499999 0.68858695625 0.664340546875 0.69891304375 0.6063134671875 0.7065217390624999 0.5937409328125 0.7040760875000001 0.5864875484375001 0.6986413046875001 0.5816519578125 0.692119565625 0.580684840625 0.6896739125 0.584069753125 0.6896739125 0.6101819390625 0.673369565625 0.7020581484375 0.67391304375 0.7126964453125 0.6788043484375 0.7155978000000001
0 0.8059782609375 0.7301045703125 0.8163043484375001 0.7243018609374999 0.8100543484375 0.7131800046875 0.7986413046875 0.7064101796875001 0.7896739125 0.7097950921875 0.7951086953125 0.72333474375 0.790217390625 0.770723525 0.790217390625 0.7765262328125 0.7929347828125 0.7803947046874999 0.7978260875000001 0.7697564078125 0.8059782609375 0.7301045703125
0 0.7646739124999999 0.6624063109375 0.770380434375 0.652251571875 0.77608695625 0.6488666593750001 0.776630434375 0.6430639499999999 0.771467390625 0.636777684375 0.7605978265625 0.628073621875 0.7570652171875001 0.6304914171875 0.7581521734375001 0.6508008953125 0.7353260875000001 0.7243018609374999 0.7326086953125 0.7465455750000001 0.7353260875000001 0.7484798109374999 0.7646739124999999 0.6624063109375