0 0.05390625 0.90859375 0.01875 0.02421875
0 0.0140625 0.796875 0.01875 0.021875
0 0.003125 0.87421875 0.00625 0.0171875
0 0.14140625 0.65390625 0.0109375 0.0140625
0 0.1109375 0.75078125 0.01796875 0.025
0 0.078125 0.72734375 0.01328125 0.0171875
0 0.05859375 0.71875 0.0140625 0.01953125
0 0.01875 0.725 0.01484375 0.015625
0 0.03828125 0.7390625 0.01875 0.025
0 0.06015625 0.77890625 0.0203125 0.0171875
0 0.03046875 0.85 0.0125 0.0171875
0 0.87421875 0.915625 0.02578125 0.03203125
0 0.74375 0.9578125 0.03515625 0.03984375
0 0.7921875 0.88046875 0.0296875 0.04453125
0 0.825 0.89375 0.03203125 0.040625