0 0 0 0 0.2005901828125 0.0796875 0.20557065156249998 0.42012709375 0.5390625 0.45 0.5390625 0.45 0.24222354687499997 0.26447010937500004 0.0642663046875 0.242730978125 0.031657609375 0.240752378125 0 0 0
0 0.45 0.1305657890625 0.45228230312499995 0.1320625 0.45481039375 0.14256249999999998 0.46099016875 0.2405625 0.4637991578125 0.25456249999999997 0.46716994375 0.2575625 0.469417134375 0.2535625 0.4699789328125 0.2325625 0.4643609546875 0.14156249999999998 0.46492275312500003 0.1315625 0.4699789328125 0.12156249999999999 0.46576544999999997 0.1170625 0.45677668593750004 0.1160625 0.45 0.1207019234375 0.45 0.1305657890625
0 0.5295294937499999 0.1315625 0.53290028125 0.12056249999999999 0.530372190625 0.1160625 0.521945225 0.1150625 0.5177317421875001 0.11956249999999999 0.5205407296875 0.14156249999999998 0.5199789328125 0.23956249999999998 0.5205407296875 0.24456250000000002 0.5250351125 0.24856250000000002 0.5278441015625 0.2365625 0.5295294937499999 0.1315625
0 0.5621137640625 0.25656249999999997 0.5637991578125 0.2605625 0.56716994375 0.2575625 0.5705407296875 0.2435625 0.5800912921875 0.1485625 0.5812148875 0.14056249999999998 0.5857092703125 0.1325625 0.5857092703125 0.1285625 0.580372190625 0.1220625 0.5713834265625 0.1220625 0.5688553375 0.1275625 0.5716643265625 0.1365625 0.5621137640625 0.23556249999999998 0.5621137640625 0.25656249999999997
0 0.6104283703125 0.2775625 0.6182935390625 0.2535625 0.6205407296875001 0.2245625 0.6312148875 0.1645625 0.63908005625 0.1515625 0.636551965625 0.1440625 0.6309339890625 0.1390625 0.624192415625 0.1380625 0.6216643265624999 0.14156249999999998 0.6216643265624999 0.1685625 0.60481039375 0.26356250000000003 0.605372190625 0.2745625 0.6104283703125 0.2775625
0 0.7418890453125 0.2925625 0.7525632015625 0.2865625 0.746102528125 0.2750625 0.734304775 0.2680625 0.7250351125 0.27156250000000004 0.730653090625 0.2855625 0.725596909375 0.3345625 0.725596909375 0.3405625 0.7284058984375 0.3445625 0.733462078125 0.3335625 0.7418890453125 0.2925625
0 0.699192415625 0.2225625 0.7050912921875 0.2120625 0.71099016875 0.20856249999999998 0.711551965625 0.20256249999999998 0.7062148875 0.1960625 0.6949789328125 0.1870625 0.691327246875 0.1895625 0.6924508421875 0.21056249999999999 0.6688553374999999 0.2865625 0.6660463484375001 0.3095625 0.6688553374999999 0.3115625 0.699192415625 0.2225625
0 0.225 0.86796875 0.45 0.2640625
0 0.68984375 0.665625 0.18671875 0.11796875
0 0.45 0.9815139171875 0.5089815640625 0.956002225 0.5287657375 0.9519569171875 0.552746553125 0.9508781687500001 0.54825015 0.9466980171875001 0.518573890625 0.9336181906250001 0.5077825234375 0.9303819437499999 0.499988759375 0.9301122578125 0.49279451406249997 0.928494134375 0.48919739218749997 0.9266063234375 0.4859000296875 0.928628978125 0.487698590625 0.9345620953125 0.48170338749999997 0.9437314593749999 0.4709120203125 0.9502039515625 0.45 0.960342634375 0.45 0.9815139171875
0 0.45 0.795316225 0.5077825234375 0.78124494375 0.525468375 0.773019484375 0.524269334375 0.7708619875 0.518573890625 0.7691090203125001 0.48380170937500006 0.7707271437500001 0.4700127390625 0.7726149546875 0.461019934375 0.7755815125 0.452027128125 0.7755815125 0.45 0.776265421875 0.45 0.795316225
0 0.7619791671874999 0.8750960765624999 0.7517873203125001 0.8764445125 0.7427945140625 0.874017328125 0.7278065046875 0.874017328125 0.696031925 0.8624207796875 0.6879384 0.8781974781249999 0.687338878125 0.8932999593750001 0.6906362406250001 0.8958619875 0.70652353125 0.8973452671875 0.724808903125 0.89100761875 0.733801709375 0.8891198078125001 0.7469911578125 0.8888501218750001 0.7895571046875001 0.8918166796874999 0.8369192140624999 0.8918166796874999 0.8549048265625 0.8893894953124999 0.86000075 0.8870971546875 0.8285259296875 0.8791413828125 0.7895571046875001 0.8777929484375001 0.7805642984375 0.8756354500000001 0.7727705328125 0.8769838859375 0.7619791671874999 0.8750960765624999
0 0.8513077031249999 0.713823153125 0.849808903125 0.7166548671874999 0.849808903125 0.7180033031249999 0.8623988312499999 0.7223182984375 0.8731901984375 0.7306786 0.8755882796875 0.768704490625 0.88518060625 0.78542509375 0.890276528125 0.788256809375 0.8941734109375 0.7886613406249999 0.900168615625 0.7856947812499999 0.9085619000000001 0.7689741781249999 0.9067633390625 0.743084209375 0.9097609406250001 0.7349935953125 0.9139575843750001 0.7306786 0.92894559375 0.7225879859375001 0.9187537468750001 0.7182729906249999 0.9199527875000001 0.713957996875 0.9124587828124999 0.7116656546875 0.9034659765625002 0.71058690625 0.8650966734375001 0.7116656546875 0.8513077031249999 0.713823153125