0 0.3 0.3162909828125 0.3032580546875 0.31242315625 0.30843642187500003 0.3144723359375 0.4637874 0.511193646875 0.47299338281250003 0.520414959375 0.479034809375 0.5209272546875 0.48306242812499994 0.515804303125 0.48306242812499994 0.508632171875 0.4712672609375 0.4886526640625 0.3164916578125 0.2960297125 0.3121763515625 0.2883452875 0.3139024734375 0.26580430312500003 0.311888665625 0.261193646875 0.3032580546875 0.2519723359375 0.3 0.25355462812499996 0.3 0.3162909828125
0 0.33116369375 0.1858862703125 0.3372051203125 0.193570696875 0.34641110468749997 0.193570696875 0.35964470625 0.21098872968750002 0.42926495937500003 0.3431608609375 0.4373201953125 0.3534067625 0.443361621875 0.3528944671875 0.44623849218749995 0.349820696875 0.4468138671875 0.33547643437499997 0.35993239374999997 0.1725665984375 0.3645353859375 0.1510502046875 0.3622338890625 0.14182889375000002 0.35964470625 0.1372182375 0.351014096875 0.13926741874999998 0.3446849828125 0.131070696875 0.3377804953125 0.1331198765625 0.333177503125 0.1402920078125 0.3254099546875 0.1571977453125 0.33116369375 0.1858862703125
0 0.3996331984375 0.051664959375 0.400783946875 0.0742059421875 0.3979070765625 0.08035348437499999 0.3984824515625 0.085476434375 0.407976121875 0.090087090625 0.4122914265625 0.0813780734375 0.4140175484375 0.091623975 0.436457134375 0.1438780734375 0.4750071921875 0.25760758125 0.48795310625 0.282710040625 0.4945699078125 0.2893698765625 0.49514528124999996 0.280148565625 0.489966915625 0.251460040625 0.44796461406250004 0.1367059421875 0.43012802031249997 0.08035348437499999 0.42955264687500005 0.07113217187500001 0.4347310125 0.06498463125000001 0.43530638593750004 0.049615778124999996 0.42581271562499995 0.0429559421875 0.41948360156250003 0.032710040625 0.41257911406250003 0.03373463125 0.4056746265625 0.0409067625 0.3996331984375 0.051664959375
0 0.5250647296875 0.17359118906249998 0.5267908515624999 0.167443646875 0.5250647296875 0.149001025 0.500899021875 0.0414190578125 0.500899021875 0.010681353125 0.49773446562500007 0.0081198765625 0.4896792296875 0.011193646875000001 0.4824870546875 0.0188780734375 0.4819116796875 0.026050204687500002 0.4922684125 0.0475665984375 0.5181602421875 0.167443646875 0.520749425 0.17307889375000002 0.5250647296875 0.17359118906249998
0 0.5585227265625 0 0.5590117953125 0.00043545156250000003 0.5607379171875 0.0096567625 0.56706703125 0.1110911890625 0.5693685265624999 0.1233862703125 0.5733961453124999 0.128509221875 0.576273015625 0.1203125 0.576273015625 0.099820696875 0.570519275 0.001460040625 0.5710869031250001 0 0.5585227265625 0
0 0.6269886375 0 0.6280566750000001 0.00760758125 0.6269059265625 0.1039190578125 0.6286320484375001 0.1162141390625 0.6326596656250001 0.119287909375 0.6355365359375 0.10596823749999999 0.6372531140625 0 0.6269886375 0
0 0.67829359375 0 0.6798403343749999 0.0117059421875 0.6700589765625 0.1100665984375 0.672360471875 0.1315829921875 0.675812715625 0.12748463125 0.679264959375 0.11314036875 0.6890463171875 0.01682889375 0.6942966046875 0 0.67829359375 0
0 0.7143627734375 0.1367059421875 0.714938146875 0.1438780734375 0.7195411390625 0.14695184375 0.722418009375 0.14182889375000002 0.7247195046875 0.126460040625 0.7192534515625 0.12082479531250001 0.718390390625 0.1295338109375 0.7143627734375 0.1367059421875
0 0.7244318187500001 0.10852971250000001 0.7270210015624999 0.1110911890625 0.7281717484375 0.1203125 0.729897871875 0.09367315625 0.73795310625 0.044492828125 0.741980725 0.03117315625 0.7494605875 0.0188780734375 0.7462960296875 0.0101690578125 0.73824079375 0.00504610625 0.73162399375 0.0065829921875 0.7310486187499999 0.0465420078125 0.7189657656249999 0.1039190578125 0.7189657656249999 0.1162141390625 0.720979575 0.10852971250000001 0.7244318187500001 0.10852971250000001
0 0.8438219218749999 0.21252561406249998 0.8541786531250001 0.162320696875 0.8573432109375 0.157710040625 0.8662615078125 0.1571977453125 0.8544663406249999 0.1413165984375 0.8423834875 0.138242828125 0.8374928078125 0.14182889375000002 0.8386435562500001 0.14797643437500002 0.8432465484375001 0.1530993859375 0.83806818125 0.20842725468749998 0.8409450515625 0.2155993859375 0.8438219218749999 0.21252561406249998
0 0.7880106437500001 0.1643698765625 0.8121763515625 0.0885502046875 0.8231084578125 0.0772797125 0.82368383125 0.0721567625 0.8187931531250001 0.0654969265625 0.806134925 0.055251024999999995 0.8035457421875 0.056787909375 0.804121115625 0.07932889374999999 0.7799554078125001 0.1571977453125 0.7770785390625 0.1797387296875 0.7799554078125001 0.1828125 0.7880106437500001 0.1643698765625
0 0.1897832390625 0.56875 0.19223964375 0.583913934375 0.1910888953125 0.6023565578125 0.1928150171875 0.619774590625 0.188212025 0.6494877046875 0.167210875 0.6735655734375 0.161744821875 0.6843237703125 0.1600187 0.70788934375 0.16836162187499998 0.7299180328125 0.18447209375 0.746311475 0.20000719218750002 0.75348360625 0.2244605875 0.7529713109375 0.23855725 0.74836065625 0.251215478125 0.7360655734375 0.258407653125 0.723258196875 0.261284521875 0.7109631140625 0.257832278125 0.6843237703125 0.24776323437499997 0.6674180328125 0.2397079984375 0.6602459015625 0.23481731875 0.6515368859375 0.2319404484375 0.6382172125000001 0.23596806718750002 0.5941598359375 0.2336665703125 0.56875 0.1897832390625 0.56875
0 0.67610939375 0.8991235921874999 0.67582170625 0.888888178125 0.6779793578125 0.8830028140625 0.6840207859375 0.8794204203125 0.694952890625 0.88249104375 0.69711054375 0.879164534375 0.698548978125 0.87507036875 0.6968228562500001 0.8663702656249999 0.6992681968750001 0.8517848000000001 0.7038711875 0.8512730296875001 0.7122141109375 0.857414278125 0.7173924765625 0.857414278125 0.7195501296875 0.85255245625 0.7194062859375 0.8359199078125 0.7254477125000001 0.8277315765625 0.734366009375 0.8297786593750001 0.7386813140624999 0.8261962640625 0.7402635937500001 0.8213344421875 0.7394005328125 0.8116107984375001 0.741558184375 0.80623720625 0.747311925 0.8000959562500001 0.755942534375 0.8000959562500001 0.7585317171875 0.7980488734375 0.7627031796875 0.785510490625 0.767162328125 0.7806486687499999 0.7942049046874999 0.7688779421875 0.798807896875 0.7745074203125 0.8034108890624999 0.7729721078124999 0.8157814296874999 0.7775780453125 0.8209597953125 0.7770662749999999 0.8249874140625 0.7816722109375001 0.82901503125 0.779625128125 0.830884996875 0.7762986187500001 0.8320357453125 0.7670867453125 0.8208159515624999 0.73279810625 0.8144868390625 0.718980296875 0.8098838468749999 0.7041389453125 0.8055685421875001 0.696462384375 0.80413010625 0.6903211359375 0.8003901750000001 0.685203428125 0.7957871828124999 0.6708738484375 0.7877319468749999 0.6555207265625 0.7860058249999999 0.647844165625 0.777806746875 0.627629221875 0.7711899453125 0.6184173484375 0.7688884500000001 0.6168820375 0.7641416140625 0.6181614640624999 0.76097705625 0.628396878125 0.7586755609375 0.6580795796875 0.7555110046875 0.6708738484375 0.75436025625 0.69083290625 0.7468803937499999 0.707721340625 0.7442912109375001 0.7174449843749999 0.72918764375 0.745848259375 0.7254477125000001 0.7468718015625 0.7211324078125 0.7412423234375 0.7194062859375 0.7422658656250001 0.71839938125 0.7440570625 0.7172486328125001 0.759410184375 0.7120702671875 0.766063203125 0.7090495546875 0.776554503125 0.7076111187499999 0.7770662749999999 0.6992681968750001 0.7688779421875 0.6981174484375 0.769901484375 0.6962474828125 0.7742515359375 0.6976859171875001 0.781416325 0.6968228562500001 0.787045803125 0.6900622125 0.796001790625 0.68660996875 0.80316658125 0.6779793578125 0.7954900203124999 0.6765409234374999 0.796001790625 0.67524633125 0.7983047593749999 0.6769724546875 0.8131461109375 0.67596555 0.816984390625 0.66532113125 0.8277315765625 0.6561151468749999 0.8272198062499999 0.6559713031250001 0.844364125 0.6517998421875 0.8471788640625 0.6483475984375 0.8543436546875001 0.6443199796875 0.8584378203125 0.6381347093749999 0.859717246875 0.638422396875 0.867905578125 0.6372716484375001 0.8714879734375 0.631086378125 0.8850498968749999 0.6253326375 0.8901676046875 0.6217365499999999 0.89605296875 0.6194350546875 0.9062883828124999 0.6148320625 0.9180591093749999 0.606201453125 0.932388690625 0.602173834375 0.9426241046874999 0.602173834375 0.9462065 0.6050507046875 0.948765353125 0.6141128453125 0.9459506140624999 0.634538621875 0.9265033265625 0.6388539265625 0.925479784375 0.6460461015625001 0.9295739515625 0.6494983453125001 0.9290621796874999 0.6525190593750001 0.9206179625 0.6604304515624999 0.9065442687499999 0.6644580703124999 0.9070560390625 0.6690610609375 0.9111502046875 0.6733763671874999 0.9101266625000001 0.67524633125 0.9057766125000001 0.67610939375 0.8991235921874999