0 0.22764550312499998 0 0.22764550312499998 0.0061293546875 0.23399470937500003 0.0221368875 0.2329365078125 0.0353195625 0.2371693125 0.0419109 0.23769841249999998 0.056976812499999994 0.2424603171875 0.068276246875 0.23822751250000002 0.081458921875 0.2392857140625 0.09087511718749999 0.24298941875 0.098408075 0.24298941875 0.10499941093750001 0.2398148140625 0.11253236874999999 0.24722222187499998 0.1285399015625 0.246693121875 0.1464306734375 0.252513228125 0.152080390625 0.258597884375 0.15160958125 0.26521164062499997 0.1332479984375 0.2641534390625 0.11724046562499998 0.26626984062500003 0.1078242703125 0.2710317453125 0.1002913140625 0.2667989421875 0.0767508234375 0.272089946875 0.068276246875 0.26626984062500003 0.0588600515625 0.26521164062499997 0.046618996875 0.26574074062499997 0.038144420312499996 0.2705026453125 0.0277866046875 0.26203703749999996 0.0230785078125 0.259920634375 0.0061293546875 0.2616426921875 0 0.22764550312499998 0
0 0.45962115 0 0.5609375 0.092931546875 0.7871279765625 0.27309027812500003 0.7680803578125 0.31436011875 0.769667659375 0.32864583281250004 0.8149057546874999 0.316741071875 0.8537946421874999 0.279439484375 0.885540675 0.23975694375 0.882366071875 0.21436011875 0.8736359125 0.2072172625 0.8609375 0.2072172625 0.8276041671875 0.22785218281250003 0.8037946421875001 0.197693453125 0.567161571875 0 0.45962115 0
0 0.41875 0.35847260468750003 0.514112103125 0.2381696421875 0.535540675 0.20086805624999998 0.5720486109375 0.21991567500000003 0.5847470234375 0.21991567500000003 0.5982390875 0.2064236109375 0.6030009921875 0.1937251984375 0.5871279765625 0.166741071875 0.5212549609374999 0.110391865625 0.48157242031249997 0.09610615156249999 0.46014384843750006 0.11118551562500001 0.45855654687499997 0.13182043593749998 0.47919146875 0.14769345312499998 0.4903025796875 0.166741071875 0.4712549609375 0.1810267859375 0.41875 0.249939546875 0.41875 0.35847260468750003
0 0 0.4861667265625 0.15828372968749999 0.5197420640625 0.3574900796875 0.5459325390625 0.375744046875 0.546726190625 0.3860615078125 0.5300595234375 0.393998015625 0.48402777812500003 0.3789186515625 0.472123015625 0.212251984375 0.44990079375 0 0.4128635359375 0 0.4861667265625
0 0.2297123015625 0.6705357140625 0.252728175 0.6459325390625 0.2638392859375 0.6046626984375 0.2638392859375 0.580853175 0.2551091265625 0.565773809375 0.228125 0.5610119046875 0.20114087343749998 0.5800595234375 0.102728175 0.5483134921875 0.0884424609375 0.5483134921875 0.081299603125 0.5554563484375 0.07177579375000001 0.580853175 0.0773313484375 0.6006944437499999 0.11701388906250001 0.6070436515625 0.1900297625 0.630853175 0.20034722187499998 0.66180555625 0.20987103125 0.671329365625 0.2297123015625 0.6705357140625
0 0.41875 0.8224070343750001 0.1551091265625 0.8181547625000001 0.1392361109375 0.821329365625 0.1297123015625 0.8324404765625001 0.12256944375 0.8046626984374999 0.12415674531250001 0.7760912703124999 0.11542658750000001 0.7689484125 0.102728175 0.7689484125 0.081299603125 0.777678571875 0.0765376984375 0.858630953125 0.078125 0.931646825 0.100347221875 0.9427579359374999 0.1209821421875 0.9364087296874999 0.128125 0.8943452375 0.41875 0.8975156921874999 0.41875 0.8224070343750001
0 0.2531911375 1 0.25431547656250003 0.9983134921874999 0.252728175 0.97450396875 0.2297123015625 0.9356150796874999 0.20749007968750002 0.921329365625 0.168601190625 0.9300595234374999 0.1638392859375 0.9411706343749999 0.1670138890625 0.9681547625 0.150347221875 0.97529761875 0.1268211453125 1 0.2531911375 1
0 0.3828869046875 1 0.3828869046875 0.9919642859375 0.369394840625 0.991170634375 0.36383928593750003 0.9729166671874999 0.3360615078125 0.9514880953125001 0.2947916671875 0.9054563484374999 0.286855159375 0.9038690468749999 0.278125 0.931646825 0.3114583328125 0.97450396875 0.31780753906250003 0.9935515875 0.322733409375 1 0.3828869046875 1
0 0 0.7679315484375 0.0201884921875 0.7578373015625 0.0447916671875 0.734821428125 0.0511408734375 0.7141865078125 0.04637896875 0.7014880953125 0.029712301562499998 0.6895833328125001 0.013839285937500001 0.6943452375 0.000347221875 0.6903769843750001 0 0.68974454375 0 0.7679315484375
0 0.86961805625 0.9269345234374999 0.8712053578125001 0.90947420625 0.8791418656250001 0.903125 0.8807291671874999 0.8634424609375 0.8870783734375 0.8586805562500001 0.8807291671874999 0.8507440468749999 0.8870783734375 0.8332837296874999 0.8807291671874999 0.8174107140625001 0.8870783734375 0.80947420625 0.8807291671874999 0.793601190625 0.888665675 0.787251984375 0.8807291671874999 0.7793154765625 0.8807291671874999 0.7697916671874999 0.888665675 0.7634424609374999 0.88231646875 0.755505953125 0.88231646875 0.7443948406249999 0.888665675 0.7396329359375 0.88231646875 0.7301091265625 0.8839037703125001 0.7015376984375 0.9219990078125001 0.6618551593750001 0.9100942453125 0.653125 0.8132688484375 0.6515376984375 0.8029513890625001 0.6634424609374999 0.836284721875 0.7015376984375 0.8315228171874999 0.7269345234375 0.836284721875 0.7428075390625001 0.829935515625 0.7523313484375 0.836284721875 0.7634424609374999 0.829935515625 0.7745535718750001 0.836284721875 0.7888392859375 0.829935515625 0.799950396875 0.836284721875 0.8110615078125001 0.829935515625 0.8237599203125001 0.8378720234374999 0.8332837296874999 0.829935515625 0.8412202375 0.836284721875 0.8586805562500001 0.8283482140625 0.8666170640625002 0.8378720234374999 0.8824900796874999 0.829935515625 0.8904265875 0.8426339281249999 0.903125 0.839459325 0.9142361109374999 0.8569196421874998 0.9459821421874999 0.86961805625 0.9269345234374999
0 0.41875 0.9960234781249999 0.43945932499999996 0.9697916671875 0.436284721875 0.9602678578125001 0.448983134375 0.9491567453125 0.44739583281249995 0.9348710312499999 0.45533234062499994 0.9269345234374999 0.45057043593749996 0.9142361109374999 0.45850694374999995 0.9047123015625 0.4600942453125 0.8650297625000001 0.466443453125 0.8586805562500001 0.46485615156249993 0.825347221875 0.4743799609375 0.8110615078125001 0.46961805625 0.806299603125 0.46961805625 0.7951884921875 0.47596726250000004 0.7904265875 0.47279265937500004 0.7634424609374999 0.517237103125 0.731696428125 0.5085069437499999 0.7197916671875 0.454538690625 0.7055059531250001 0.41875 0.7055059531250001 0.41875 0.7387276796875 0.429935515625 0.755505953125 0.4283482140625 0.7793154765625 0.4188244046875 0.7904265875 0.4251736109375 0.8047123015625001 0.41875 0.8111359125 0.41875 0.829737103125 0.4188244046875 0.8301091265625 0.41875 0.83018353125 0.41875 0.9960234781249999