0 0.5296875 0.2513888890625 0.503472221875 0.2776041671875 0.2923611109375 0.3776041671875 0.18125 0.3109375 0.08125 0.333159721875 0.0479166671875 0.3776041671875 0.036805556249999996 0.47760416718750004 0.0526308765625 0.51875 0.35121527812500003 0.51875 0.37013888906250003 0.4998263890625 0.5296875 0.42891589531249996 0.5296875 0.2513888890625
0 0.5335324984375001 0 0.5296875 0.0190052796875 0.5296875 0.326804121875 0.5950483249999999 0 0.5335324984375001 0
0 0.5828339781249999 0.2071198453125 0.59228415 0.19423324687500002 0.6163391328125 0.1856421828125 0.65070339375 0.18907860781250002 0.6661673109375 0.18392396875 0.67218105625 0.1761920109375 0.6738992703125 0.1469823890625 0.659294459375 0.1375322171875 0.6025934281249999 0.1375322171875 0.5733838062500001 0.1203500859375 0.5690882734375 0.17791022343750001 0.5742429125 0.20368341874999998 0.5828339781249999 0.2071198453125
0 0.71405675625 0 0.6962360390625 0.0696628 0.697954253125 0.0834085046875 0.687644975 0.095435996875 0.6927996140625 0.1091817015625 0.682490334375 0.1194909796875 0.687644975 0.134954896875 0.6738992703125 0.17791022343750001 0.6292257296875 0.20883805781250003 0.6369576890624999 0.2251610828125 0.6644490984375 0.23718857343750002 0.6936587203125 0.240625 0.7022497859375 0.2474978515625 0.7409095796875 0.248356959375 0.74778243125 0.23632946718749998 0.720291021875 0.18993771406249998 0.7306003000000001 0.1693191578125 0.7288820874999999 0.15557345312499998 0.739191365625 0.1435459625 0.7357549406249999 0.1280820453125 0.7443460046875 0.1194909796875 0.7409095796875 0.10746348750000001 0.756373496875 0.0696628 0.7529370703125 0.0541988828125 0.7666827749999999 0.0232710484375 0.76727946875 0 0.71405675625 0
0 0.79529531875 0 0.8440023625 0.10059063593749999 0.8594662796874999 0.1040270625 0.84228415 0.11605455312499999 0.8302566578124999 0.1504188140625 0.845720575 0.15557345312499998 0.9032807125 0.1306593640625 0.9041398203125001 0.12464561874999999 0.8946896484375 0.1203500859375 0.910153565625 0.125504725 0.9316312281249999 0.1091817015625 0.9135899921874999 0.1100408078125 0.9196037374999999 0.0988724234375 0.9153082046875 0.09457689062499999 0.8981260734375001 0.098013315625 0.8852394765625 0.1091817015625 0.8903941156249999 0.1040270625 0.8800848375000001 0.09028135781249999 0.8869576890624999 0.0696628 0.8783666234374999 0.057635309375 0.8800848375000001 0.0438896046875 0.8697755578125002 0.037016753125 0.8697755578125002 0.021552834375 0.8530122421874999 0 0.79529531875 0
0 1 0.33389423749999997 0.7331776203125 0.2543707046875 0.6850676546875001 0.250934278125 0.6575762453125 0.240625 0.641253221875 0.26038445 0.6378167953125 0.2827212203125 0.6489851796874999 0.2921713921875 1 0.3975321796875 1 0.33389423749999997
0 0.590513403125 0.51875 0.5897068296875 0.48890678750000005 0.564792740625 0.481174828125 0.5424559703125 0.48289304062499994 0.542002084375 0.51875 0.590513403125 0.51875
0 0.12248512812500001 0.51875 0 0.6618349015625 0 0.7207545828125 0.0035277062499999997 0.723759665625 0.012977878125 0.724618771875 0.200435621875 0.51875 0.12248512812500001 0.51875
0 0.37716553125 1 0.3695070875 0.9522820015625001 0.360916021875 0.9522820015625001 0.32998818750000003 0.9883644765625 0.2990603515625 0.9900826890625 0.2904692875 0.9832098375000001 0.281878221875 0.9883644765625 0.261259665625 0.9832098375000001 0.2543868125 0.9900826890625 0.2389228953125 0.9849280499999999 0.2286136171875 0.9900826890625 0.2114314859375 0.9849280499999999 0.2028404203125 0.9900826890625 0.1323936859375 0.9883644765625 0.108338703125 0.9918009015625 0.0916577796875 1 0.37716553125 1
0 0.5296875 0.6145645515625 0.36692976875 0.9204950593749999 0.3643524484375 0.94540915 0.3832527921875 0.957436640625 0.4116033078125 0.9600139609374999 0.5296875 0.7412474578125 0.5296875 0.6145645515625
0 1 0.6897688796875 0.6222732843750001 0.6874080874999999 0.587959559375 0.6383884796875 0.5296875 0.6189644609375 0.5296875 0.9176164218749999 0.587959559375 0.8981924015625001 0.6369791671875 0.8393688718749999 1 0.8393688718749999 1 0.6897688796875