0 0.6296875 0 0 0 0 0.384689728125 0.025122548437499996 0.39610906875 0.0986519609375 0.39610906875 0.191789215625 0.332383578125 0.23590686249999998 0.2196384796875 0.6296875 0.10184085312499999 0.6296875 0
0 0.70598965 0.46875 0.7094607578125001 0.4586519390625 0.7152236546874999 0.4568204359375 0.7190655875 0.44461042500000003 0.7245540609375001 0.4433894234375 0.7264750281250001 0.4330109125 0.732237925 0.4317899109375 0.735531009375 0.4195799 0.741019484375 0.41835889843749996 0.744861415625 0.40614888593750004 0.754191821875 0.40309638281250004 0.763522228125 0.41042239062499997 0.7720293640625 0.40553838593749997 0.7696967625 0.3783711078125 0.7584453890625 0.3380780671875 0.754191821875 0.3341098140625 0.7506243140625 0.3243418046875 0.7462335343750001 0.3273943078125 0.7430776625 0.3380780671875 0.740882271875 0.35822458749999997 0.73635428125 0.37684485625 0.7305913828125 0.38661286562499997 0.725102909375 0.38966536875 0.7226330953125 0.3976018765625 0.715772503125 0.4000438796875 0.713028265625 0.41042239062499997 0.7080886390625001 0.41225389218749997 0.7050699781249999 0.41896939843750003 0.698483809375 0.4220219015625 0.6979349609375001 0.4336214140625 0.6921720640625 0.436673915625 0.6888789796875 0.44949442968750003 0.683664928125 0.45193643124999994 0.6794113609375 0.46017819062500004 0.6774903953125 0.4687251984375 0.6774903953125 0.46875 0.70598965 0.46875
0 0.9126715140625 0 0.9126715140625 0.0120707421875 0.91459248125 0.0212282515625 0.9134947859375 0.032217262499999996 0.9148669046875 0.03954326875 0.9137692093750001 0.051753281250000005 0.9154157515625 0.0902148203125 0.9143180578125 0.098151328125 0.9167878703125 0.1073088375 0.916513446875 0.117076846875 0.9184344124999999 0.123792353125 0.9187088359375 0.136002365625 0.9211786500000001 0.1439388734375 0.9217274968750001 0.1500438796875 0.9261182765625 0.15126488124999998 0.9291369375 0.129897359375 0.9321555984375 0.123181853125 0.932430021875 0.1079193375 0.9340765640625 0.0999828296875 0.9321555984375 0.08777281718749999 0.935174259375 0.080446809375 0.9321555984375 0.0694577984375 0.935174259375 0.060300290624999996 0.932430021875 0.0505322796875 0.9346254109375 0.041374770312499996 0.9329788687499999 0.0212282515625 0.9348998359374999 0.011460240625 0.9321555984375 0.0010817312500000001 0.9322653953125 0 0.9126715140625 0
0 0.2482352921875 0.46875 0.4433365546875 0.5780390890625 0.5034740125 0.6038122859375 0.555020403125 0.6364583328125 0.5679070015625001 0.637317440625 0.5936801968750001 0.6081078171875001 0.5859482390624999 0.5883483671875 0.3699236890625 0.46875 0.2482352921875 0.46875
0 0 0.677970321875 0.4055358671875 0.8392074749999999 0.43388638281249997 0.8555304984375001 0.4321681703125 0.8744308421875001 0.439900128125 0.8838810140625 0.456223153125 0.8847401203124999 0.4734052828125 0.870994415625 0.49058741406250006 0.829757303125 0.4923056265625 0.8005476796875 0.47941902968749994 0.7876610828125 0.465673325 0.78594286875 0.45536404687500004 0.7996885734375001 0.44677298125 0.7996885734375001 0.4038176546875 0.78250644375 0.3642987546875 0.7756335906249999 0.321343428125 0.7584514609375 0.30759772343749997 0.7429875421875 0.2766698890625 0.7292418390625001 0 0.6162192453124999 0 0.677970321875
0 0.2990066578125 0.59350300625 0.2869791671875 0.5986576453125 0.274951675 0.5866301546875 0.25605133125 0.59006658125 0.2491784796875 0.579757303125 0.23371456249999997 0.583193728125 0.225123496875 0.5746026625 0.2096595796875 0.583193728125 0.19419566093750001 0.5763208765625001 0.1555358671875 0.5874892609375 0.2010685140625 0.620994415625 0.40725408124999996 0.679413659375 0.4321681703125 0.7197916671875 0.4407592359375 0.7215098796875 0.4630960046875 0.668245275 0.4734052828125 0.6149806703125 0.46910975156249995 0.6038122859375 0.417563359375 0.62786726875 0.378044459375 0.620994415625 0.3728898203125 0.6124033499999999 0.3557076890625 0.6158397765625 0.3471166234375 0.6055304984375 0.33508913281249997 0.6106851375 0.323061640625 0.6003758593749999 0.31103415 0.6038122859375 0.2990066578125 0.59350300625
0 0.41842246562499996 0.7301009453124999 0.3651578609375 0.6905820453125 0.3668760734375 0.6733999140625 0.3557076890625 0.6656679546875 0.3307936 0.6940184703125001 0.31532968281249996 0.7386920109374999 0.33508913281249997 0.736114690625 0.3746080328125 0.772197165625 0.38749463125 0.7747744843750001 0.4081131875 0.7593105671875 0.41842246562499996 0.7301009453124999
0 0.0850891328125 0.8624033499999999 0.10055305 0.8435030062500001 0.109144115625 0.7971112546875 0.13921284375 0.7893792953125001 0.14522658906250002 0.7799291234375 0.0979757296875 0.753296821875 0.061893256249999994 0.7498603953125 0.050724871875 0.755874140625 0.0661887890625 0.78336555 0.0490066578125 0.8211662375 0.0490066578125 0.8486576453125 0.0687661078125 0.86154424375 0.0850891328125 0.8624033499999999
0 0.6296875 0.6108774593749999 0.6177351796874999 0.637317440625 0.6246080328125 0.6459085046874999 0.6160169671875 0.6630906359375001 0.6228898203125001 0.6716817015625001 0.6160169671875 0.68714561875 0.610862328125 0.8366301546875 0.573061640625 0.87958548125 0.6296875 0.8902541203125001 0.6296875 0.6108774593749999
0 0.3642557984375 1 0.3522712625 0.9990012890625 0 0.85149854375 0 0.9153662734375001 0.20773732968749997 1 0.3642557984375 1
0 0.6296875 0.9304710765624999 0.853849871875 0.6574688578125001 0.855568084375 0.6437231531250001 0.8186265031250001 0.6119362109375001 0.7980079468750001 0.6102179984375 0.7919942015625 0.61623174375 0.7851213484375 0.6368503000000001 0.7541935140625 0.6763692015625 0.6296875 0.8216262171875 0.6296875 0.9304710765624999
0 1 0.6391527734375 0.9956024484375 0.6394276203125 0.9861522765625 0.65231421875 0.96209729375 0.7846166234374999 0.9058039125 1 0.9914045687499999 1 0.99817976875 0.9753382734375 0.99989798125 0.9478468640625 1 0.94745103125 1 0.6391527734375