0 0.5296875 0.4796875 0.5296875 0.288758446875 0.46244369374999994 0.34255349062499996 0.3363175671875 0.311021959375 0.26875 0.3155264640625 0.22370495468749999 0.36057150937500004 0.22370495468749999 0.43264358124999996 0.2822635140625 0.47768862656250005 0.2877149875 0.4796875 0.5296875 0.4796875
0 0.659375 0.30234375 0.259375 0.0765625
0 0.5296875 0.194703096875 0.531987359375 0.1971694984375 0.538167134375 0.19893806875 0.542942415625 0.1988117421875 0.54827949375 0.19565358125 0.5516502812499999 0.1873160375 0.5505266859375 0.180999715625 0.5550210671875 0.1751887 0.5510884828125 0.17215686562500002 0.5533356734375 0.166598503125 0.547717696875 0.1597768765625 0.5516502812499999 0.155229125 0.5449087078125 0.148912803125 0.54547050625 0.14588096875 0.549403090625 0.1431017875 0.5432233140625 0.14006995312499998 0.541537921875 0.13703811875 0.5432233140625 0.13324832656250002 0.547717696875 0.13147975625 0.542942415625 0.130595471875 0.538167134375 0.1276899640625 0.538167134375 0.1236475171875 0.541537921875 0.119605071875 0.5364817421875 0.11606793281250001 0.5364817421875 0.111014875 0.541537921875 0.10116141406250001 0.547717696875 0.0956030515625 0.5612008421875 0.08777081249999999 0.558672753125 0.08612856875 0.550807584375 0.0846126515625 0.5296875 0.08403113125 0.5296875 0.194703096875
0 0.176917284375 0.4796875 0.23108108125000001 0.5692018078125 0.2175675671875 0.6414909640625 0.23108108125000001 0.774021084375 0.275 0.8282379515624999 0.35270270312499996 0.8101656625 0.40337837812500005 0.7559487953125 0.4574324328125 0.6414909640625 0.484459459375 0.5149849390625001 0.4818201015625 0.4796875 0.176917284375 0.4796875
0 0 0.4796875 0 0.8393448812500001 0.031756756250000004 0.9366716875 0.067271959375 1 0.127338471875 1 0.190540540625 0.930647590625 0.19391891875 0.846310240625 0.0557247234375 0.4796875 0 0.4796875
0 0.6393591765625001 0.94151503125 0.6551819625 0.9336036390625001 0.6535996828125 0.9225276906250001 0.6646756328125 0.9098694625 0.659928796875 0.897211234375 0.672587025 0.868730221875 0.674169303125 0.8339200953125001 0.685245253125 0.8228441453125 0.6804984171874999 0.8070213609374999 0.6899920890625 0.7991099687500001 0.6836629750000001 0.786451740625 0.6931566453125 0.7737935125 0.7010680375 0.743730221875 0.740625 0.715249209375 0.7255933546875 0.69705300625 0.6828718359375 0.6891416140625 0.66388449375 0.67964794375 0.6448971515624999 0.6780656640625 0.62986550625 0.6851859171875001 0.6551819625 0.73423655 0.645688290625 0.7516416140625 0.6472705703124999 0.7674643984375 0.6377768984375 0.775375790625 0.6361946203125 0.811768196875 0.628283228125 0.8180973093749999 0.6314477843749999 0.8339200953125001 0.6219541140625 0.843413765625 0.6251186703125 0.85923655 0.617207278125 0.8655656640625 0.6203718359375 0.8782238921874999 0.6124604437500001 0.8877175640625001 0.614042721875 0.9035403484375 0.6092958859375 0.9082871828125001 0.6108781640625 0.938350475 0.6235363921875 0.968413765625 0.6393591765625001 0.94151503125
0 0.5296875 0.6361136015625 0.5325553796875 0.6369264234375 0.696321203125 0.689932753125 0.7145174046875 0.6859770562499999 0.724802215625 0.6741099687500001 0.7311313296874999 0.6487935125 0.722428796875 0.64009098125 0.5296875 0.5818060125 0.5296875 0.6361136015625
0 0.858019275 0.4796875 0.8561313296874999 0.482654271875 0.810245253125 0.7231606015625001 0.7912579109375001 0.7911985765624999 0.75488605 1 0.80864736875 1 0.9083465187499999 0.5000593359375001 0.9083465187499999 0.4796875 0.858019275 0.4796875
0 0.6276721984375 1 0.6251186703125 0.9699960437499999 0.5855617093750001 0.9082871828125001 0.5839794296874999 0.8924643984374999 0.542840190625 0.8196795890624999 0.5554984171874999 0.7690466765625 0.5499604437500001 0.7635087031250001 0.5296875 0.7668875265625 0.5296875 0.9049389703124999 0.5396756328125 0.9177808546874999 0.5380933546875 0.9304390828125001 0.549169303125 0.936768196875 0.549169303125 0.9510087031250001 0.560245253125 0.9589200953125001 0.560245253125 0.9731606015625001 0.571321203125 0.979489715625 0.571321203125 0.99214794375 0.5823971515624999 0.9984770562499999 0.5827979265625001 1 0.6276721984375 1
0 1 0.7852340265625 0.963726265625 0.7136669296875 0.977966771875 0.6836036390625 0.9597705703125001 0.666989715625 0.9360363921874999 0.670154271875 0.8964794296875 0.6891416140625 0.8846123421875 0.70259098125 0.8846123421875 0.7199960437499999 0.8964794296875 0.7286985765624999 0.9146756328125001 0.73107199375 1 0.9171176062499999 1 0.7852340265625
0 0.7912579109375001 0.7943631328125 0.79442246875 0.7737935125 0.787302215625 0.7160403484375 0.750909809375 0.738192246875 0.719264240625 0.7334454109375 0.7026503171874999 0.74214794375 0.6947389234375 0.77062895625 0.7002768984375 0.7793314875 0.7698971515624999 0.7824960437499999 0.784928796875 0.7975276906250001 0.7912579109375001 0.7943631328125