0 0.1046875 0.41953125 0.01875 0.0234375
0 0.14296875 0.31015625 0.01875 0.021875
0 0.17734375 0.34375 0.0109375 0.0140625
0 0.16875 0.34140625 0.0125 0.01484375
0 0.16796875 0.41328125 0.01328125 0.015625
0 0.15703125 0.38671875 0.0125 0.01796875
0 0.01875 0.1703125 0.0109375 0.0140625
0 0.0484375 0.265625 0.01796875 0.02421875
0 0.08046875 0.2421875 0.0125 0.0171875
0 0.1 0.234375 0.0140625 0.01875
0 0.1390625 0.240625 0.0140625 0.01484375
0 0.11953125 0.253125 0.01875 0.02421875
0 0.0984375 0.2921875 0.01953125 0.0171875
0 0.128125 0.36171875 0.0125 0.0171875
0 1 0.1848308484375 0.9976204124999999 0.18530676562499998 0.9517488531249999 0.1623709859375 0.9334002296874999 0.18530676562499998 0.8829415140624999 0.1623709859375 0.8645928906249999 0.18530676562499998 0.80954701875 0.1715452984375 0.7866112390625 0.199068234375 0.7361525234374999 0.189893921875 0.7178038984375 0.2220040140625 0.6627580281250001 0.2082425453125 0.6398222484375 0.24035263750000002 0.5939506875 0.2265911703125 0.5710149078125 0.2678755734375 0.5159690359375 0.24952695 0.4792717890625 0.290811353125 0.3829415140625 0.1715452984375 0.35 0.154207659375 0.35 0.5390625 0.5213646796875 0.5390625 0.5297305046874999 0.497233371875 0.8829415140624999 0.396315940625 1 0.3253714046875 1 0.1848308484375
0 0.35 0.5686037328125 0.3461189515625 0.573879928125 0.3400705640625 0.6267473125 0.33553427343750003 0.6383960578125001 0.337550403125 0.6437724015625 0.33603830625 0.666173834375 0.3294858875 0.6814068093750001 0.334022178125 0.6876792109375 0.33553427343750003 0.6984319 0.3350302421875 0.7127688171875001 0.3294858875 0.7244175625 0.334022178125 0.731586021875 0.33553427343750003 0.7414426515625 0.334526209375 0.7593638 0.3294858875 0.7665322578125 0.33553427343750003 0.782661290625 0.33553427343750003 0.797894265625 0.32998991875 0.81043906875 0.3350302421875 0.818503584375 0.33603830625 0.8265681 0.33553427343750003 0.844489246875 0.3320060484375 0.8525537640625 0.3350302421875 0.8659946234374999 0.334022178125 0.8803315406250001 0.3229334671875 0.9251344093749999 0.302772178125 0.9636648749999999 0.3060483875 0.9757616484374999 0.314112903125 0.9829301078124999 0.3254536296875 0.9860663078125 0.35 0.9845015984375 0.35 0.5686037328125
0 0.586649309375 1 0.5832727953125 0.9969056375 0.57976578125 0.9862104500000001 0.571248746875 0.9871017156249999 0.5642347187500001 0.981754121875 0.5609782062499999 0.9759608953125 0.5592247 0.9648200750000001 0.5557176859374999 0.9648200750000001 0.55170966875 0.9719502 0.5472006515625 0.971058934375 0.538433115625 0.9617006468749999 0.5356776046875 0.9478860296875 0.5286635765625001 0.9550161546875 0.518142534375 0.9487772953124999 0.5158880265625 0.9438753343750002 0.515637525 0.9336257796874999 0.5066194890625 0.9434297015625 0.49609844687500004 0.9354083109375001 0.491589428125 0.9193655296875001 0.4875814125 0.9256043890625 0.47856337656250003 0.9247131234375001 0.46102830624999996 0.9042140156249999 0.44975576093749997 0.8823780078125001 0.43547720468750006 0.8284564390625 0.427461171875 0.8266739078124999 0.4191946390625 0.8404885249999999 0.4026615734375 0.9010945859374999 0.3886335171875 0.9723958328125001 0.3886335171875 0.9857648171874999 0.39439504062499997 0.997796903125 0.399405059375 0.99868816875 0.427461171875 0.9755152625000001 0.4560182859375 0.9719502 0.46704033124999994 0.9862104500000001 0.474054359375 0.981754121875 0.4810683875 0.9835366531249999 0.4843199484375 1 0.4913731484375 1 0.4955974453125 0.9969056375 0.5026114734375 0.997796903125 0.503247415625 1 0.586649309375 1