0 0.46875 0.3903443609375 0.46557502656249994 0.38075385 0.4618436828125 0.38253110156250003 0.46037779843750004 0.3881590640625 0.45717950468749996 0.3934908171875 0.44598547499999996 0.433775178125 0.4451859015625 0.44325384999999995 0.44252065625 0.45214010625 0.443986540625 0.4571756515625 0.44905050625 0.45776806875 0.44956689843750003 0.459375 0.45639991875 0.459375 0.4605110609375 0.4548059828125 0.4663746 0.4553984 0.46875 0.4578352859375 0.46875 0.3903443609375
0 0.46875 0.034582809375 0.466108075 0.0371519546875 0.4586453890625 0.05196238125 0.4521155390625 0.069438684375 0.44545242500000004 0.096097453125 0.4385227875 0.11742446718749999 0.4358575421875 0.1304576421875 0.4329257734375 0.1363818125 0.4305270515625 0.1458604859375 0.422664578125 0.1609671203125 0.41040445156249994 0.168076125 0.40840551718749996 0.172519253125 0.4239972015625 0.200066646875 0.43599080468749996 0.2125074046875 0.440521721875 0.22080124375 0.44385327812500003 0.22228228749999998 0.44545242500000004 0.22050503593749998 0.44332022968749996 0.1938462671875 0.444119803125 0.17785100781250002 0.4513159640625 0.14112115 0.4547807828125 0.1316424765625 0.45664645468750004 0.12157138593750001 0.45931170000000004 0.11683205 0.46037779843750004 0.10735337656249999 0.4641091421875 0.09905953749999999 0.464375665625 0.08839603124999999 0.46784048437500003 0.080694609375 0.46757396093750003 0.071808353125 0.46875 0.0665802734375 0.46875 0.034582809375
0 0.3045942171875 0.22139366093750001 0.306859675 0.21339603125 0.311923640625 0.1737040875 0.3129897390625 0.1340121453125 0.3124566890625 0.11801688437499999 0.3145888859375 0.09017328125 0.3143223609375 0.079509775 0.31725413125 0.065291765625 0.32418376875 0.0504813390625 0.32524986718750004 0.0451495859375 0.32524986718750004 0.0362633296875 0.32405050625 0.03241261875 0.3195195890625 0.028265698437499997 0.312056903125 0.027080865625 0.3069929375 0.023526362500000002 0.294199759375 0.0241187796875 0.290734940625 0.027080865625 0.2851379265625 0.027080865625 0.28340551718749996 0.0297467421875 0.28287246875 0.0338936609375 0.2916677765625 0.052851007812499996 0.29486607187499997 0.071808353125 0.29539912031250004 0.0824718609375 0.2940664984375 0.0996519546875 0.29486607187499997 0.109130628125 0.2937999734375 0.11801688437499999 0.2956656453125 0.1280879734375 0.2935334484375 0.1369742296875 0.2956656453125 0.14645290312499998 0.293266925 0.155339159375 0.29619869374999996 0.1642254140625 0.294333021875 0.172519253125 0.29593216875 0.1819979265625 0.29539912031250004 0.1950311015625 0.2985974140625 0.2015476890625 0.29993003749999997 0.21754294999999998 0.3023287578125 0.22287470312500002 0.3045942171875 0.22139366093750001
0 0.6680865109375 0 0.7138541671875 0.2401041671875 0.7205208328125 0.2634375 0.7305208328124999 0.2684375 0.7713541671874999 0.26427083281249997 0.7755208328125001 0.24343750000000003 0.7264183828125 0 0.6680865109375 0
0 0.5026472703125 0 0.4805208328125 0.0401041671875 0.4888541671875 0.05010416718750001 0.5213541671875 0.0492708328125 0.5830208328125 0.0309375 0.5938541671875 0.0234375 0.5955208328125 0.0117708328125 0.57764660625 0 0.5026472703125 0
0 0.46875 0.125177665625 0.5496875 0.10093749999999999 0.5830208328125 0.0876041671875 0.5855208328125 0.0667708328125 0.5663541671875001 0.0426041671875 0.5413541671875001 0.052604167187499995 0.49302083281250003 0.055937499999999994 0.46875 0.06320930625 0.46875 0.125177665625
0 0.6955208328125 0.3651041671875 0.6805208328125 0.3434375 0.6780208328125 0.2759375 0.6321875 0.2834375 0.6321875 0.3417708328125 0.6471875 0.3517708328125 0.6205208328125 0.3701041671875 0.6955208328125 0.3651041671875
0 0.61990625 0.459375 0.6271875 0.43510416718749995 0.5880208328125 0.4392708328125 0.5596875 0.4192708328125 0.5363541671875 0.4142708328125 0.5188541671875 0.43843750000000004 0.5155208328125 0.45843749999999994 0.5175083328125 0.459375 0.61990625 0.459375
0 0.46875 0.7552195953125 0.4166666671875 0.7439583328125 0.3966666671875 0.7422916671875 0.3891666671875 0.7497916671875 0.4175 0.8097916671875 0.4058333328125 0.8314583328125 0.40750000000000003 0.8464583328125 0.3975 0.8564583328125 0.4025 0.8697916671874999 0.3891666671875 0.8797916671875001 0.39249999999999996 0.8964583328125 0.3808333328125 0.9064583328125 0.3858333328125 0.9214583328125 0.3758333328125 0.9297916671875001 0.3791666671875 0.9464583328125 0.3691666671875 0.9564583328125 0.3741666671875 0.9697916671875 0.3625 0.9814583328125 0.35989766093750003 1 0.4215957453125 1 0.4225 0.9964583328125001 0.4308333328125 0.9897916671874999 0.4308333328125 0.9747916671875 0.43916666718749997 0.963125 0.45083333281250004 0.9014583328124999 0.4625 0.8864583328125001 0.4625 0.868125 0.46875 0.8631249999999999 0.46875 0.855902778125 0.4658333328125 0.8481249999999999 0.46875 0.844041665625 0.46875 0.7552195953125
0 1 0.5892570984375001 0.8021577375 0.543601190625 0.7593005953125 0.4674107140625 0.7021577375 0.4769345234375 0.6450148812500001 0.57217261875 0.6497767859375 0.5912202375 0.6831101187499999 0.5959821421875 0.673586309375 0.624553571875 0.6402529765625 0.6293154765625 0.6497767859375 0.6959821421875001 0.6831101187499999 0.7293154765625001 0.7354910718750001 0.724553571875 0.773586309375 0.681696428125 1 0.7278177359375 1 0.5892570984375001
0 1 0.7442021515625 0.873586309375 0.7150297625 0.816443453125 0.7197916671875 0.7973958328125 0.743601190625 0.78311011875 0.8197916671875 0.8069196421875 0.843601190625 1 0.8911717140625001 1 0.7442021515625