0 0.33125 0.2828125 0.04296875 0.0484375
0 0.1484375 0.3328125 0.0453125 0.05
0 0.0859375 0.52734375 0.04296875 0.05703125
0 0.49184593593750003 0 0.50162541875 0.011409395312499999 0.503303271875 0.0466442953125 0.5133703859375001 0.0550335578125 0.516726090625 0.0751677859375 0.49155830468749995 0.1271812078125 0.5024643453125 0.13640939531250001 0.5234375 0.137248321875 0.594746225 0.121308725 0.612363675 0.1003355703125 0.5695784390625 0.0709731546875 0.5620281046875 0.058389262500000004 0.565383809375 0.048322146875 0.5553166953125 0.033221476562500005 0.5620281046875 0.0231543625 0.5536388421874999 0.016442953125 0.5552831375 0 0.49184593593750003 0
0 0.7298133375 0 0.6937395140625 0.007214765624999999 0.684511325 0.0147651 0.686189178125 0.043288590625 0.695417365625 0.057550335937499995 0.722263003125 0.060906040625000005 0.7591757546875 0.052516778125 0.7835046140624999 0.06342281875 0.7885381718750001 0.053355704687500005 0.7835046140624999 0.006375839062499999 0.7802200906250001 0 0.7561502093750001 0 0.7541421984375 0.0088926171875 0.7496958890625001 0 0.7298133375 0
0 1 0.1184199953125 0.770920721875 0.0709731546875 0.7071623328125 0.0625838921875 0.6937395140625 0.057550335937499995 0.6719274328125 0.0307046984375 0.650115353125 0.034060403125 0.6341757546875 0.06342281875 0.6274643453125 0.10536912812499999 0.632497903125 0.12046979843750001 0.646759646875 0.1313758390625 0.66186031875 0.12969798593749998 0.6736052859375 0.114597315625 0.690383809375 0.114597315625 1 0.1794493546875 1 0.1184199953125
0 1 0.382910578125 0.588034815625 0.1850671140625 0.5871958890625 0.1607382546875 0.579645553125 0.15151006718749999 0.552799915625 0.15151006718749999 0.5234375 0.19765100625 0.516726090625 0.2278523484375 0.5326656875 0.24714765156250001 0.54608850625 0.24714765156250001 0.559511325 0.23372483281249998 0.5729341437500001 0.23708053750000002 1 0.4466097234375 1 0.382910578125
0 0.9261220640625 0.2815436234375 0.9378670296875 0.23120805312499998 0.967229446875 0.2270134234375 0.968068371875 0.2211409390625 0.918571728125 0.1934563765625 0.8833368281249999 0.18842281875 0.8975985734374999 0.21946308750000001 0.8892093124999999 0.22449664375 0.8690750843749999 0.27818791875 0.8950817953125 0.29580536875 0.9126992453125 0.29664429531250003 0.9261220640625 0.2815436234375
0 1 0.559375 0.8708229296875001 0.559375 0.5052432890625 0.707676175 0.475880871875 0.7303271812500001 0.48259228125 0.75717281875 0.5010486578125 0.7705956374999999 1 0.5653359796874999 1 0.559375
0 1 1 1 0.981980575 0.602558725 0.8939177859375 0.5841023484375001 0.8939177859375 0.5765520140625 0.9031459734375 0.573196309375 0.9417365765625 0.5857802015625 0.950964765625 0.8112149171875 1 1 1
0 1 0.8288485734375 0.9582634234375 0.8184144296875001 0.9456795296875 0.8628775171875 1 0.8850647515624999 1 0.8288485734375