0 0.3078125 0.23046875 0.04765625 0.06328125
0 0.22109375 0.06328125 0.05234375 0.0515625
0 0.053125 0.0671875 0.03359375 0.0390625
0 0.4015625 0.48671875 0.05078125 0.06171875
0 0.20703125 0.171875 0.03203125 0.03671875
0 0.46484375 0.0453125 0.02734375 0.0359375
0 0.9498652156249999 0.3279452875 0.9418779953125 0.315165734375 0.951462659375 0.3039836265625 0.9434754390625001 0.2943989609375 0.951462659375 0.280021965625 0.9450728828124999 0.27203474375000003 0.951462659375 0.256060303125 0.9450728828124999 0.24487819531250002 0.946670328125 0.2193190890625 0.9850089859375 0.17938298749999998 0.9762230437499999 0.1689996 0.8851687296874999 0.16740215625 0.8691942890625001 0.1705970453125 0.8652006796875 0.17778554375 0.8971495609375 0.21133186875 0.8987470046875 0.25925519218750004 0.892357228125 0.26883985625 0.8987470046875 0.283216853125 0.892357228125 0.29280151718749997 0.8987470046875 0.30558107031250004 0.890759784375 0.315165734375 0.8987470046875 0.32634784375 0.890759784375 0.33912739687500004 0.8987470046875 0.35350439375 0.892357228125 0.358296725 0.8971495609375 0.3758686109375 0.890759784375 0.38705071874999997 0.8987470046875 0.39983027187500003 0.892357228125 0.4094149359375 0.9035393375 0.42059704531250003 0.9019418937499999 0.43337659687499996 0.922708665625 0.463728034375 0.93229333125 0.44615615000000003 0.93229333125 0.43018170937500005 0.9418779953125 0.41899959999999997 0.9402805515624999 0.403025159375 0.946670328125 0.398232828125 0.9402805515624999 0.3918430515625 0.9402805515624999 0.3822583859375 0.9482677718750001 0.3758686109375 0.9418779953125 0.3662839453125 0.9482677718750001 0.35190694843750003 0.9418779953125 0.3375299515625 0.9498652156249999 0.3279452875
0 0.2493882796875 1 0.21991313906249998 0.9601687296874999 0.0026607421874999997 0.6981879 0 0.6975543890625 0 0.7850850890625 0.06655850625000001 0.87550419375 0.1304562703125 0.9505840656250001 0.167178203125 1 0.2493882796875 1
0 0.26521853125 0.5390625 0.2215105828125 0.600743809375 0.215919528125 0.6063348640624999 0.1775808703125 0.6047374203125 0.1624051515625 0.6167182515625 0.15761281875 0.6406799125 0.165600040625 0.6614466859375 0.212724640625 0.700584065625 0.2462709671875 0.7197533953125 0.2630441296875 0.7205521171875 0.275024959375 0.7149610625 0.29020067968749996 0.6933955671875001 0.2774211265625 0.6470696890625 0.29499301093749997 0.6326926921875 0.318954671875 0.5911591453125 0.35926755312499997 0.5390625 0.26521853125 0.5390625
0 0.41050347187499997 1 0.3844498796875 0.9873252796875001 0.3556958859375 0.934609625 0.3525009984375 0.9154402953125 0.342916334375 0.90585563125 0.33972144531250004 0.8866863015625001 0.29020067968749996 0.778060103125 0.2614466859375 0.7317342250000001 0.24467352187500002 0.7197533953125 0.2406799125 0.7525009984375 0.24706968906250001 0.76368310625 0.2502645765625 0.805216653125 0.2742262375 0.8499450875000001 0.2822134578125 0.8898811906249999 0.29020067968749996 0.8978684109374999 0.30298023125 0.9457917328125 0.312564896875 0.9553763984374999 0.314162340625 0.9745457265624999 0.326219628125 1 0.41050347187499997 1
0 0.5890625 0.9460495328124999 0.4092102640625 0.9402006796875 0.3972294328125 0.9697533953124999 0.40122304375000006 0.9913188890625001 0.5890625 0.9964351406249999 0.5890625 0.9460495328124999
0 0.7470047921875 0.5390625 0.7294379 0.5459365015625 0.7230481234375 0.57149560625 0.7470097843750001 0.585872603125 0.7533995609375 0.6034444890625 0.7581918937500001 0.6897064703125 0.7976590546875 1 0.85587459375 1 0.8045177718750001 0.6002495999999999 0.8045177718750001 0.5762879390625 0.8204922124999999 0.56510583125 0.82208965625 0.552326278125 0.8100890953125 0.5390625 0.7470047921875 0.5390625