0 0.070025640625 0.4796875 0.076877096875 0.46757618125 0.07477978125 0.462912003125 0.061916246875000004 0.455449315625 0.05366680625 0.43959110625 0.051150028125000004 0.4296408578125 0.048073965625 0.423421953125 0.0452775453125 0.4097403609375 0.0380068515625 0.3873523015625 0.0310158 0.3593672265625 0.02416456875 0.3410214546875 0.0163345921875 0.3254741921875 0.01186031875 0.3211209578125 0.010601929687500001 0.322675684375 0.010601929687500001 0.33262593281249997 0.01227978125 0.350660759375 0.0147965609375 0.3618547890625 0.01451691875 0.371183146875 0.018152265625 0.37926772343750004 0.018431907812500002 0.390461753125 0.0223468953125 0.399168221875 0.0234654640625 0.40911847031250004 0.026261884375 0.41409359375 0.0282193796875 0.424665734375 0.031854726562500005 0.43461598281249997 0.0394050609375 0.47317319687500003 0.039730532812500004 0.4796875 0.070025640625 0.4796875
0 0.1949743875 0.4796875 0.1948860453125 0.47752642968750003 0.1965638984375 0.46757618125 0.194606403125 0.45886971406250004 0.1976824671875 0.44954135624999997 0.19516568750000002 0.440212996875 0.197402825 0.4302627484375 0.19516568750000002 0.420934390625 0.19712318281250002 0.4103622515625 0.1960046140625 0.40103389375000004 0.196843540625 0.39108364375 0.1954453296875 0.37304881875 0.1960046140625 0.3618547890625 0.19936031875 0.341954290625 0.20858850625 0.32205379375 0.208029221875 0.317700559375 0.2062115484375 0.3149020515625 0.200339065625 0.3149020515625 0.19670371874999998 0.31179260000000003 0.1832809 0.311170709375 0.1779677015625 0.3149020515625 0.1701377234375 0.3161458328125 0.165383809375 0.3204990671875 0.16412541875 0.32454135625 0.16412541875 0.3338697140625 0.1652439875 0.339466728125 0.17251468125 0.3550139921875 0.17559074375 0.36993936562499996 0.17531110156250002 0.3811333953125 0.17754823749999998 0.4103622515625 0.1769889546875 0.4271532953125 0.178107521875 0.4688199625 0.17949331562499998 0.4796875 0.1949743875 0.4796875
0 0.31848783593749996 0.16658115625 0.3190471203125 0.1553871265625 0.31513213125 0.14668065937500002 0.315691415625 0.1361085203125 0.31289499374999996 0.12553638125 0.3123357109375 0.11434235 0.31373392031249997 0.09506374375 0.31848783593749996 0.07889458906249999 0.319606403125 0.068944340625 0.30632340625 0.0704990671875 0.29457843906250003 0.07858364375 0.2889855984375 0.08480255 0.28562989375000003 0.0916433453125 0.280037053125 0.0959965796875 0.275422959375 0.1043921015625 0.27486367500000003 0.11123289843749999 0.27640170625 0.1183846390625 0.286189178125 0.12957866875 0.289684703125 0.1367304109375 0.295836828125 0.1578746890625 0.299472175 0.175287625 0.2997518171875 0.1858597640625 0.3028278796875 0.19581001250000002 0.3106578578125 0.2374766796875 0.31373392031249997 0.24556125624999997 0.3148524890625 0.2548896140625 0.320305509375 0.2682602609375 0.3240806765625 0.27105876875 0.3265974546875 0.267327425 0.3271567390625 0.2629741921875 0.32575852968749996 0.24307369375 0.327995665625 0.2343672265625 0.3254788875 0.22503886875 0.3265974546875 0.2138448390625 0.3229621078125 0.20513837031249998 0.32436031875000004 0.19705379375 0.323801034375 0.19207866875 0.3198860453125 0.1858597640625 0.32128425625 0.174665734375 0.31848783593749996 0.16658115625
0 0.059344346874999995 0 0.05632340625 0.00582245 0.0490527125 0.009553793750000001 0.046116470312500005 0.013596082812499998 0.0447182609375 0.0198149875 0.0518491328125 0.028210509374999998 0.059958753125 0.030698071875 0.064433025 0.035051306250000004 0.0694665828125 0.033807525 0.07366121406250001 0.0400264296875 0.075339065625 0.035051306250000004 0.07757620312499999 0.033185634375 0.0823301171875 0.0394045390625 0.0865247484375 0.033185634375 0.0912786640625 0.038160759375 0.09519365156250001 0.033807525 0.10050685156250001 0.036916978125 0.10414219843750001 0.03256374375 0.1088961125 0.038160759375 0.11392967031250001 0.0362950875 0.12148000625 0.0425139921875 0.1298692671875 0.059305037500000005 0.131686940625 0.0596159828125 0.140076203125 0.03909359375 0.140915128125 0.0322527984375 0.140323171875 0 0.0650674640625 0 0.06471266718749999 0.00022543593749999998 0.064332528125 0 0.059344346874999995 0
0 1 0.17475415156250002 0.9880135484375 0.180747378125 0.9766499124999999 0.1956075171875 0.9766499124999999 0.20784527968750002 0.9958806812500001 0.24281031406250003 0.9810205421875 0.2576704546875 0.8306708921875 0.3485795453125 0.6371980734375 0.4796875 0.774223446875 0.4796875 1 0.3345107484375 1 0.17475415156250002
0 1 0 0.9410607843750001 0 0.7091673953125 0.2707823421875 0.703922640625 0.2795236015625 0.7074191437499999 0.293509615625 0.7485030593750001 0.33109702812499997 0.75811844375 0.331971153125 0.9137128499999999 0.1606424828125 0.9661604015624998 0.08896416093750001 1 0.0495770875 1 0
0 0.6276570671874999 0 0.6252513109375 0.0085445796875 0.5623142484375 0.1903627625 0.5701813812500001 0.2104676578125 0.6304960671875 0.2270760484375 0.642733828125 0.20784527968750002 0.68294361875 0.07148164375 0.7056708921875 0.0207823421875 0.7105608546875001 0 0.6276570671874999 0
0 0.05130079375 0.4796875 0.0017263984374999999 0.7633632 0.0017263984374999999 0.78259396875 0.009593531249999999 0.7904611015625 0.041936189062500004 0.7965799828125 0.062041084375 0.79570585625 0.0734047203125 0.7878387234374999 0.0769012234375 0.735391171875 0.094383740625 0.698677884375 0.09613199375 0.6724541078125 0.1136145109375 0.6182583046875 0.118859265625 0.5605659968750001 0.136045946875 0.4796875 0.05130079375 0.4796875
0 0.1959505 0.4796875 0.1887893359375 0.5098666953125 0.178299825 0.5308457171875001 0.1765515734375 0.55706949375 0.1608173078125 0.59553103125 0.1538243 0.642733828125 0.21850961562500001 0.6619645984375 0.2359921328125 0.6374890734375 0.2482298953125 0.5693072546875 0.2709571671875 0.516859703125 0.2798076921875 0.4796875 0.1959505 0.4796875
0 0.05046255937500001 0.4796875 0.0017263984374999999 0.7721044578124999 0.0052229015625 0.7860904718749999 0.0165865390625 0.7939576046875001 0.0646634609375 0.7948317312500001 0.075152971875 0.7878387234374999 0.08039772656250001 0.7406359265625 0.11011800624999998 0.6304960671875 0.13700635625 0.4796875 0.05046255937500001 0.4796875
0 0.5 0.6496826312499999 0.4763767484375 0.6715799828125 0.32165646875 0.8280485140625 0.3199082171875 0.8367897734374999 0.33127185312499996 0.8516499124999999 0.3522508734375 0.8708806812500001 0.368859265625 0.8735030593750001 0.3802229015625 0.8708806812500001 0.406446678125 0.83941215 0.5 0.756111246875 0.5 0.6496826312499999
0 0.7023675781250001 0.4796875 0.9311797015625001 1 0.99309773125 1 0.9847355765625 0.9852054203125 0.7700848921875 0.4796875 0.7023675781250001 0.4796875