0 0.0808293265625 0 0.0734375 0.03203125 0.06875 0.08671875 0.053125 0.12265625 0.0109375 0.31953125 0 0.32398726875 0 0.3639508921875 0.00234375 0.365625 0.0625 0.37109375 0.0703125 0.35546875 0.0546875 0.33515625 0.0671875 0.27265625 0.075 0.26015625 0.13681930625 0 0.0808293265625 0
0 0 0.03671875 0.0046875 0.05234375 0.0046875 0.09921875 0.01328125 0.109375 0.0390625 0.11171875 0.05078125 0.109375 0.0625 0.09453125 0.0671875 0.05859375 0.0609375 0.03828125 0.0703125 0.02421875 0 0.0235491078125 0 0.03671875
0 0 0.656667234375 0.32734375 0.628125 0.34375 0.61328125 0.3421875 0.59140625 0.33203125 0.5765625 0.30234375 0.575 0 0.6020105375 0 0.656667234375
0 0.21015625 0.55625 0.2140625 0.54609375 0.2 0.49296875 0.2125 0.46328125 0.18828125 0.4578125 0.14765625 0.4703125 0.134375 0.48828125 0.15625 0.50234375 0.1609375 0.53828125 0.1734375 0.56015625 0.196875 0.56171875 0.21015625 0.55625
0 0.1953125 0.23671875 0.20859375 0.2125 0.21640625 0.2171875 0.2703125 0.20234375 0.2703125 0.17578125 0.26171875 0.1625 0.22265625 0.1671875 0.19921875 0.18125 0.18828125 0.1671875 0.1734375 0.16640625 0.1734375 0.20078125 0.1859375 0.23203125 0.1953125 0.23671875
0 0.292835365625 0 0.3109375 0.01953125 0.325 0.04296875 0.33984375 0.046875 0.34765625 0.059375 0.36015625 0.059375 0.3890625 0.07578125 0.390625 0.06484375 0.38125 0.04296875 0.35625 0.00390625 0.3529181984375 0 0.292835365625 0
0 0.709375 0.1853867828125 0.67265625 0.1546875 0.64453125 0.1375 0.63359375 0.1390625 0.6328125 0.19453125 0.603125 0.23203125 0.5875 0.24140625 0.5421875 0.30546875 0.5140625 0.33359375 0.4953125 0.38671875 0.4953125 0.39453125 0.503125 0.39453125 0.546875 0.36796875 0.67734375 0.2171875 0.709375 0.21489955312500003 0.709375 0.1853867828125
0 0.709375 0.25703125 0.309375 0.65703125 0.30859375 0.659375 0.3806269375 0.659375 0.709375 0.331979809375 0.709375 0.25703125
0 0.875 0.15859375 0.8703125 0.60078125 0.88515625 0.6140625 0.9125 0.61328125 0.93515625 0.60625 0.94375 0.59296875 0.9453125 0.16953125 0.95078125 0.1609375 0.98984375 0.1546875 0.9953125 0.13671875 0.98046875 0.1140625 0.85546875 0.1078125 0.8359375 0.11640625 0.8296875 0.13984375 0.84453125 0.153125 0.875 0.15859375
0 0.23728693125000003 0.659375 0.2359375 0.67421875 0.24609375 0.6828125 0.30390625 0.6859375 0.36640625 0.678125 0.37890625 0.70625 0.3984375 0.70859375 0.41875 0.69609375 0.4234375 0.66796875 0.42313057968749995 0.659375 0.23728693125000003 0.659375
0 0.8808748765625 1 0.8802083328125001 0.9875578703125001 0.8763020828125001 0.9852430562500001 0.86796875 0.9880208328125001 0.8658854171874999 0.9852430562500001 0.8619791671874999 0.9671875 0.8520833328125 0.9495949078125001 0.8442708328125 0.9181134265625 0.8447916671875 0.8662615734375001 0.8419270828125001 0.8537615734375 0.82890625 0.8593171296875 0.8208333328125 0.87366898125 0.8177083328125001 0.88570601875 0.80078125 0.9167245375 0.78515625 0.9407986109375 0.7783854171875 0.9463541671875 0.7619791671875 0.9755208328125 0.7661458328124999 0.9921875 0.76953125 0.9972800921874999 0.8075520828125 0.9945023140625 0.8145616328124999 1 0.8808748765625 1