0 0.2615672953125 0.4890625 0.16416330625 0.2557459671875 0.1802923390625 0.2363911296875 0.1786794359375 0.221875 0.16658266093750002 0.21300403281250002 0.1520665328125 0.21300403281250002 0.09884072656250001 0.2323588703125 0.0851310484375 0.24445564531250003 0.0851310484375 0.26219758125000003 0.094002015625 0.2710685484375 0.1149697578125 0.2694556453125 0.1254536296875 0.2863911296875 0.20552133125 0.4890625 0.2615672953125 0.4890625
0 0.409375 0 0.27294532656250003 0 0.272227821875 0.01219758125 0.2786794359375 0.0573588703125 0.2883568546875 0.0589717734375 0.3214213703125 0.0259072578125 0.409375 0.0193107359375 0.409375 0
0 0.409375 0.3132154984375 0.365776209375 0.2089717734375 0.35932459687499996 0.171875 0.37061491874999997 0.163810484375 0.37222782187500003 0.1525201609375 0.3552923390625 0.135584678125 0.2988407265625 0.151713709375 0.2786794359375 0.16864919375 0.2786794359375 0.1863911296875 0.287550403125 0.19364919375 0.30529233906250003 0.1904233875 0.315776209375 0.20252016093749997 0.409375 0.43913790468749997 0.409375 0.3132154984375
0 0.409375 0.2104032265625 0.39884072656249997 0.2146169359375 0.3835181453125 0.23155241875 0.3851310484375 0.24606854843749998 0.409375 0.287425878125 0.409375 0.2104032265625
0 0.602973790625 0.2373356828125 0.5981350812499999 0.2373356828125 0.595446909375 0.24593989062500002 0.5836189515625 0.2507200046875 0.5787802421875 0.24211579843750003 0.5750168015625 0.241159775 0.5723286296875 0.2535880734375 0.55888776875 0.2641043265625 0.5529737906250001 0.257412165625 0.550823253125 0.271752509375 0.54598454375 0.277488646875 0.5352318546875 0.2784446703125 0.5317372312499999 0.29517507187500003 0.5260920703125 0.3042572890625 0.5217909953125 0.3033012671875 0.5193716390625001 0.306647346875 0.5123823921875 0.33150394375 0.5212533609375 0.34823434531249997 0.5293178765625 0.3367620703125 0.5432963703125 0.3424982078125 0.5497479843749999 0.327201840625 0.562651209375 0.3291138859375 0.566952284375 0.3119054734375 0.5793178765625 0.31381751874999997 0.5857694890625 0.3052133125 0.5949092734375 0.3099934265625 0.59921035 0.30138922031250004 0.6131888437499999 0.3042572890625 0.6223286296875 0.299477175 0.6395329296875 0.3071253578125 0.663726478125 0.3511024140625 0.6688340046875 0.351580425 0.6720598125 0.3448882640625 0.67421035 0.328635875 0.6763608875 0.2550221078125 0.6731350812500001 0.2024408453125 0.6717909953125 0.1971827203125 0.664801746875 0.19049055937499998 0.6389952953125 0.2354236375 0.6255544359374999 0.24211579843750003 0.6191028218750001 0.241159775 0.6121135750000001 0.2468959125 0.60673723125 0.2468959125 0.602973790625 0.2373356828125
0 0 0.797060009375 0.0600806453125 0.8069556453125 0.22217741875 0.8255040328125001 0.2302419359375 0.8158266125000001 0.2334677421875 0.7851814515625 0.2197580640625 0.7746975812500001 0 0.740939565625 0 0.797060009375
0 0 0.92510080625 0.0084677421875 0.9166330640624999 0.0213709671875 0.9230846781250002 0.026209678125000004 0.9150201609374999 0.045564515625 0.9182459671875 0.0536290328125 0.9085685484375 0.0681451609375 0.9117943546875 0.08427419375 0.9053427421875 0.0939516125 0.9053427421875 0.135887096875 0.929536290625 0.13830645156250002 0.917439515625 0.1189516125 0.8190524187499999 0.11008064531249999 0.8134072578125 0.07782258125 0.8553427421875 0.0552419359375 0.8634072578125 0.045564515625 0.8585685484375001 0.03427419375 0.8682459671875 0.0213709671875 0.8650201609374999 0.0052419359375 0.8746975812500001 0 0.87295026875 0 0.92510080625
0 0.10992223593749999 1 0.11088709687500001 0.9932459671875 0.101209678125 0.9819556453124999 0.11572580625 0.9335685484375 0.1068548390625 0.926310484375 0.09233870937500001 0.926310484375 0.031048387500000003 0.9505040328125001 0.010887096875 0.9658266125000001 0.0125 0.9803427421875 0.032661290625 0.982762096875 0.05766129062499999 0.9980846781250001 0.0586189515625 1 0.10992223593749999 1
0 0.036340725000000004 0.4890625 0.031048387500000003 0.4908266125 0 0.521875 0 0.564189990625 0.0020161296875000003 0.5650201609375001 0.0213709671875 0.5601814515625 0.045564515625 0.576310484375 0.1866935484375 0.7335685484375001 0.409375 0.9591608671875 0.409375 0.878465603125 0.220564515625 0.6867943546874999 0.21411290312500003 0.670665321875 0.1616935484375 0.626310484375 0.05927419375 0.5222782265625 0.070564515625 0.50614919375 0.06895161250000001 0.49163306406249996 0.064978921875 0.4890625 0.036340725000000004 0.4890625
0 0.2883064515625 0.6255040328125 0.2834677421875 0.614213709375 0.2375 0.5730846781250001 0.2318548390625 0.5771169359374999 0.2270161296875 0.6109879031250001 0.21653225781250002 0.6150201609375 0.1899193546875 0.6480846781249999 0.2116935484375 0.67469758125 0.220564515625 0.6755040328125 0.2649193546875 0.63114919375 0.2883064515625 0.6255040328125
0 0.35282258125 0.614213709375 0.3463709671875 0.5803427421875 0.33346774218749997 0.559375 0.3415322578125 0.5319556453125001 0.33588709687499996 0.523084678125 0.2875 0.539213709375 0.25927419375 0.560987903125 0.2633064515625 0.5698588703125 0.2802419359375 0.5771169359374999 0.301209678125 0.6287298390625 0.323790321875 0.6319556453125 0.35282258125 0.614213709375
0 0.409375 0.4890625 0.409375 0.6194709984375 0.6042058484374999 1 0.8021176499999999 1 0.8082425453125 0.9663130734374998 0.5714961984375 0.4890625 0.409375 0.4890625