0 0 0.2061743953125 0.0037802421875 0.2068044359375 0.011844757812499999 0.193901209375 0.024747984375 0.193901209375 0.031199596875000003 0.184223790625 0.044102821874999996 0.1826108875 0.0763608875 0.1600302421875 0.0892641125 0.1584173390625 0.1166834671875 0.13583669375000001 0.12958669375 0.134223790625 0.16103830624999999 0.0995463703125 0.16103830624999999 0.0914818546875 0.144102821875 0.08583669375 0.1021673390625 0.0955141125 0.0005544359375 0.1535786296875 0 0.1534862234375 0 0.2061743953125
0 0.36875 0.459375 0.36875 0.45265788125000006 0 0.3257644984375 0 0.38119529375 0.22105985781249998 0.459375 0.36875 0.459375
0 0.28098761875 0 0.106199596875 0.2318044359375 0.08442540312499999 0.2535786296875 0.056199596875 0.25438508125000003 0.051360887499999994 0.275352821875 0.059425403125 0.28825604843749997 0.1021673390625 0.3213205640625 0.1255544359375 0.32373991874999997 0.1400705640625 0.309223790625 0.1352318546875 0.28019153281250003 0.3464834671875 0 0.28098761875 0
0 0.194102821875 0.042288306250000005 0.14248991875 0.0116431453125 0.11910282187500001 0.0366431453125 0.11910282187500001 0.059223790624999995 0.1602318546875 0.08744959687500001 0.174747984375 0.1116431453125 0.1868447578125 0.112449596875 0.215877015625 0.0801915328125 0.2239415328125 0.0430947578125 0.194102821875 0.042288306250000005
0 0.36875 0.2908731046875 0.7375 0.10060483906249999 0.7568548390625001 0.1151209671875 0.7713709671875 0.1118951609375 0.7786290328125001 0.0917338703125 0.7673387093749999 0.06108870937500001 0.7439516125 0.024798387499999998 0.7245967734375001 0.02157258125 0.7125 0.0320564515625 0.717338709375 0.0497983875 0.7116935484375 0.055443548437500004 0.36875 0.22904540624999997 0.36875 0.2908731046875
0 0.454435484375 0.3320564515625 0.46088709687499996 0.3885080640625 0.4915322578125 0.39657258125 0.5060483875 0.3885080640625 0.510887096875 0.3723790328125 0.5092741937499999 0.3352822578125 0.50282258125 0.32560483906250004 0.52217741875 0.3127016125 0.5133064515625 0.3006048390625 0.49072580625000006 0.3006048390625 0.4875 0.2941532265625 0.44717741875000006 0.2973790328125 0.4383064515625 0.311088709375 0.46088709687499996 0.32560483906250004 0.454435484375 0.3320564515625
0 0.531306978125 0.459375 0.5350806453125 0.43044354843750005 0.5278225812499999 0.3877016125 0.5052419359375 0.4022177421875 0.49395161249999997 0.39737903281250003 0.4504032265625 0.4006048390625 0.4399193546875 0.40947580625 0.4350806453125 0.42560483906249996 0.439112903125 0.4554435484375 0.5036290328125 0.45705645156249997 0.50464919375 0.459375 0.531306978125 0.459375
0 0.6060483875 0.3901209671875 0.6270161296875 0.35302419375 0.592338709375 0.3489919359375 0.5665322578125 0.32157258125 0.545564515625 0.3151209671875 0.5270161296875 0.3352822578125 0.52217741875 0.351411290625 0.5608870968749999 0.3820564515625 0.5689516125 0.3933467734375 0.570564515625 0.414314515625 0.5802419359375 0.41754032187499995 0.6060483875 0.3901209671875
0 1 0.057795700000000005 0.992338709375 0.0667338703125 0.9794354843749999 0.0683467734375 0.9729838703125001 0.08125 0.9600806453124999 0.08447580625 0.9237903218749999 0.117540321875 0.9181451609375 0.13125 0.9100806453124999 0.13125 0.8729838703125001 0.1635080640625 0.842338709375 0.2022177421875 0.829435484375 0.2022177421875 0.8278225812500001 0.1957661296875 0.8100806453124999 0.19092741875000002 0.7963709671875 0.19657258125 0.7963709671875 0.21108870937500002 0.8189516125 0.2417338703125 0.8536290328125 0.276411290625 0.8737903218749998 0.2836693546875 0.8802419359375001 0.27237903281250003 0.867338709375 0.23205645156250002 0.9020161296874999 0.2102822578125 0.9229838703125001 0.186088709375 0.9915322578125 0.1304435484375 1 0.11844758124999999 1 0.057795700000000005
0 0.5884541640625001 0.459375 0.9756163984375 0.5870986234375 1 0.58506665625 1 0.5194076125 0.9480934640625 0.4999426609375 0.778095646875 0.459375 0.5884541640625001 0.459375
0 1 0.627054171875 0.76002006875 0.66966743125 0.723322821875 0.66966743125 0.6957998859375 0.6329701828125 0.6728641062499999 0.6329701828125 0.6315797015625 0.6513188078125001 0.622405390625 0.729300459375 0.6453411703125 0.7705848625 0.6866255734375001 0.7889334859374999 0.723322821875 0.76599770625 0.7416714453125 0.7247133031249999 0.8792861234375 0.7017775234375 0.9251576828125 0.7109518343750001 1 0.697344140625 1 0.627054171875