0 0.26945260000000004 0.1897860734375 0.27532508437500003 0.1637793625 0.307204278125 0.1604236578125 0.3365666953125 0.1444840609375 0.33992239999999996 0.126027684375 0.32733850625 0.1050545296875 0.29881501718750003 0.1050545296875 0.2652579703125 0.11847734843749999 0.24176803750000003 0.1067323828125 0.230861996875 0.11092701406250001 0.2325398484375 0.15455117499999999 0.2593854859375 0.1981753359375 0.26945260000000004 0.1897860734375
0 0.077230534375 0 0.21743917812500002 0.34414849062499997 0.244284815625 0.39112835625 0.27428065468749996 0.4796875 0.35 0.4796875 0.35 0.476482803125 0.3491505875 0.4758599 0.3323720640625 0.4792156046875 0.31811031875 0.4548867453125 0.137819840625 0 0.077230534375 0
0 0.22834521875 0.46243708124999994 0.2526740765625 0.438108221875 0.21408347343749998 0.384416946875 0.21827810468750003 0.3634437921875 0.1763317953125 0.37854446249999996 0.1452915265625 0.40455117500000004 0.15116400937500002 0.41377936249999997 0.1763317953125 0.41545721406249997 0.21072776875 0.464953859375 0.22834521875 0.46243708124999994
0 0.19933132656250002 0.4796875 0.16039219843750002 0.45320889218750005 0.1067009234375 0.25354446249999996 0.0932781046875 0.241799496875 0.07985528593749999 0.21327600625 0.07062709687499999 0.2090813765625 0.0597210578125 0.24683305312499998 0.0664324671875 0.261933725 0.0597210578125 0.27703439531249996 0.069788171875 0.2854236578125 0.06475461406250001 0.30052432812499996 0.074821728125 0.3072357375 0.0714660234375 0.32233640937499997 0.08153313749999999 0.3324035234375 0.08321099062500001 0.370994128125 0.0916002515625 0.384416946875 0.0899224 0.397839765625 0.0983116609375 0.40622902656250004 0.09495595625 0.4213296984375 0.10334521875 0.42636325468749997 0.11173447968750001 0.4666317109375 0.10420229375000001 0.4796875 0.19933132656250002 0.4796875
0 0.5266135109375 0 0.35 0.15323819375 0.35 0.23106267187500001 0.45362835625 0.14549077187499998 0.617806015625 0 0.5266135109375 0
0 0.7992659390625 0.15220218125 0.80178271875 0.1446518453125 0.8001048656249999 0.057403523437500006 0.7984270140625 0.040625 0.790876678125 0.0347525171875 0.74893036875 0.0750209734375 0.7187290265625 0.078376678125 0.7103397656249999 0.0733431203125 0.675104865625 0.0817323828125 0.6532927859375001 0.078376678125 0.5576552015624999 0.08844379218750001 0.5106753359375 0.1018666109375 0.501447146875 0.1110947984375 0.514031040625 0.123678690625 0.545910234375 0.13542365781250001 0.559333053125 0.1303901 0.6012793625 0.13542365781250001 0.6096686234375 0.1303901 0.6918833890625 0.1270343953125 0.7002726515625 0.132067953125 0.7086619125 0.12535654375 0.75731963125 0.12535654375 0.7740981546875 0.1337458046875 0.7900377515625 0.1530411078125 0.7992659390625 0.15220218125
0 0.8688968124999998 0.24196728125 0.8772860734375 0.1513632546875 0.8730914421874999 0.1303901 0.8277894296875001 0.1622692953125 0.6314807046875 0.14549077187499998 0.5828229859375 0.150524328125 0.5668833890625 0.1597525171875 0.5895343953125 0.17904781875 0.629802853125 0.1907927859375 0.7589974828125 0.207571309375 0.77577600625 0.20421560468750002 0.7858431203125 0.2109270140625 0.795910234375 0.20589345625000002 0.8210780203125001 0.2092491609375 0.8571518453125 0.25035654375 0.8688968124999998 0.24196728125
0 0.35 0.0724449515625 0.394064596875 0.10606124218749999 0.41168204687500004 0.1018666109375 0.43768875781250005 0.07418204687499999 0.35 0.0059796796875 0.35 0.0724449515625
0 0.750608221875 0.395490771875 0.764031040625 0.387101509375 0.7917156046875 0.351027684375 0.8001048656249999 0.32418204687499996 0.790876678125 0.3099203015625 0.7740981546875 0.30656459687500004 0.75731963125 0.3166317109375 0.5660444625000001 0.165625 0.4972525171875001 0.11864513437499999 0.478796140625 0.12032298593749999 0.45446728125 0.1396182890625 0.4527894296875 0.1513632546875 0.4704068796875 0.16898070468749998 0.7187290265625 0.355222315625 0.7229236578125 0.386262584375 0.7313129187499999 0.39465184531249997 0.750608221875 0.395490771875
0 0.35 0.56169018125 0.3360029453125 0.5673475328124999 0.3239610609375 0.5673475328124999 0.29621236875 0.5561743484375 0.29202388749999997 0.55896764375 0.2880971859375 0.570606378125 0.2917621078125 0.5920216484375 0.3289348828125 0.6990979984375001 0.3420238875 0.722375465625 0.3475212703125 0.722841015625 0.35 0.717845090625 0.35 0.56169018125
0 0.35 1 1 1 1 0.8125400640624999 0.9418269234375 0.880408653125 0.35 0.8890484640625 0.35 1