0 0 0 0 0.1563782078125 0.0068981109375 0.202110128125 0.015740554687499998 0.220598875 0.032621584375 0.219795015625 0.060756631250000005 0.21256028906250002 0.0631682078125 0.1924638265625 0.0329238921875 0 0 0
0 0.15443629375 0.26875 0.1532003625 0.2390876203125 0.128280746875 0.2045217046875 0.11220357656249999 0.206129421875 0.1041649921875 0.22863745937500002 0.0519141875 0.24873392343749998 0.0476250296875 0.26875 0.15443629375 0.26875
0 0.24633139062499998 0 0.2323416640625 0.26875 0.28658256249999997 0.26875 0.301340509375 0 0.24633139062499998 0
0 0.43118767187499996 0 0.4281199765625 0.18764067499999998 0.4104350890625 0.2005024109375 0.40721965468750004 0.21014871406250002 0.4257084 0.23185289375 0.4859977890625 0.23426446875 0.50529039375 0.2181872984375 0.5036826765625 0.202110128125 0.48278235468749997 0.1892483921875 0.485876334375 0 0.43118767187499996 0
0 0.65 0.26875 1 0.26875 1 0.1800491796875 0.9002866968750001 0.1570384171875 0.7672591750000001 0.1524512609375 0.65 0.1524512609375 0.65 0.26875
0 0.1704582 0.5648512859375 0.1326768484375 0.5383239546875 0.1190112546875 0.54073553125 0.11740353750000002 0.5696744375 0.0820337625 0.6034364953125 0.085249196875 0.6275522515625 0.11740353750000002 0.6484525718749999 0.176085209375 0.617102090625 0.18975080312499998 0.59861334375 0.1704582 0.5648512859375
0 0.28701768437499997 0.7216036984375 0.31676044999999997 0.7095458203125 0.3183681671875 0.68703778125 0.3095257234375 0.66694131875 0.258078778125 0.67176446875 0.2267282953125 0.662922025 0.225120578125 0.7143689703125 0.231551446875 0.7384847265625 0.23959003281250002 0.7417001609375 0.2564710609375 0.7248191312500001 0.28701768437499997 0.7216036984375
0 0 0.7323783421875001 0.028175240624999997 0.7248191312500001 0.041036978125 0.728034565625 0.049075562499999996 0.7199959812500001 0.06032958125 0.7199959812500001 0.0715836015625 0.7103496781249999 0.2066318328125 0.6556872984375 0.222709003125 0.657295015625 0.243609325 0.6765876203125 0.2661173640625 0.67176446875 0.2717443734375 0.6645297421875 0.27013665625 0.6404139875 0.24441318281250002 0.5841438906249999 0.2275321546875 0.5640474281250001 0.21467041875 0.5624397109375 0.19537781406250002 0.6090635046875 0.1776929265625 0.6122789390625 0.18171221875000002 0.6034364953125 0.17126205781249998 0.599417203125 0.16563504843750002 0.6066519296875 0.172869775 0.6154943734375 0.1503617359375 0.61388665625 0.158400321875 0.6203175234375 0.16563504843750002 0.6179059484375 0.13910771718749998 0.6331792609375 0.134284565625 0.6299638265625 0.123030546875 0.6444332796875 0.11177652656249999 0.6299638265625 0.094091640625 0.6283561093750001 0.10213022499999999 0.6412178453124999 0.1149919609375 0.6363946953124999 0.1125803859375 0.6468448546875 0.094091640625 0.6508641484375 0.08605305468749999 0.66051045 0.0715836015625 0.6589027328125 0.06676045 0.6685490359375 0.0538987140625 0.66694131875 0.042644695312499994 0.6781953374999999 0.032998392187499996 0.6765876203125 0.0217443734375 0.68944935625 0.010490353125 0.6910570734375 0.0048633437500000005 0.7063303859375 0 0.7111937296875 0 0.7323783421875001
0 0.6433704 1 0.6479501609375 0.9941117359374999 0.6479501609375 0.9844654343750001 0.6358922828125 0.978838425 0.5924839234375 0.9772307078125 0.5547025718749999 0.9281953375 0.5241559484375 0.9040795812500001 0.5064710609375 0.8735329578125001 0.472709003125 0.8478094859375 0.470297428125 0.8357516078125 0.45904340781249997 0.8357516078125 0.4510048234375 0.8212821546875 0.43975080312500003 0.822889871875 0.42528135 0.810028134375 0.40759646250000003 0.805204984375 0.40518488750000003 0.8140474281250001 0.42930064375 0.8494172031249999 0.42930064375 0.8622789390625 0.4421623796875 0.8687098078125001 0.461454984375 0.9008641484375 0.55791800625 0.9989348875000001 0.5579755796875 1 0.6433704 1
0 0.81291645625 0.26875 0.8048583203125 0.27837620625000004 0.7518036578125 0.32660771718750004 0.714826165625 0.3796623796875 0.65 0.44875342343749997 0.65 0.5933229531249999 0.6537329187500001 0.5597266875 0.758234525 0.43914790937500003 0.8546975484375 0.3153536984375 0.899046228125 0.26875 0.81291645625 0.26875
0 1 0.458878234375 0.7252763265625 0.525160771875 0.7043760046875 0.5412379421875 0.668202371875 0.5500803859375 0.6698100890625 0.5902733125 0.6891026921875 0.5983118968750001 0.7509997984375 0.5975080390625 0.8796171625 0.571784565625 0.9969805062500001 0.5348070734375 1 0.5341424046875 1 0.458878234375
0 0.65 1 0.702284709375 1 0.9173985124999999 0.7204983921875 0.973668609375 0.6561897109375 0.973668609375 0.6401125406249999 0.9977843656250001 0.6143890671875 0.9969805062500001 0.60393890625 0.9567875796875001 0.58625401875 0.92624095625 0.6087620578124999 0.708395296875 0.8716237937500001 0.65 0.9340005890625 0.65 1