0 0.10811188593750001 0 0.1211199671875 0.14438968125 0.142932046875 0.2920406875 0.15803271875 0.503450084375 0.1664219796875 0.5135171984375 0.1538380875 0.526101090625 0.1303481546875 0.5328125 0.12872778437500002 0.5390625 0.288966721875 0.5390625 0.290583053125 0.5269400171874999 0.28303271875 0.5160339765625 0.24779781875 0.512678271875 0.23856963125 0.4984165265625 0.2335360734375 0.39438968124999996 0.18954645625 0 0.10811188593750001 0
0 0.340722525 0 0.344274328125 0.011839345312500001 0.3342072140625 0.0252621640625 0.339240771875 0.037007131250000005 0.3274958046875 0.05042995 0.3342072140625 0.0672084734375 0.32414010000000004 0.07727558749999999 0.330851509375 0.0923762578125 0.32078439531249997 0.10412122500000001 0.325817953125 0.11754404375000001 0.3157508390625 0.1309668625 0.31910654374999997 0.1477453859375 0.31071728125 0.2081480703125 0.3140729859375 0.22324874218750002 0.3342072140625 0.24002726562499999 0.3627307046875 0.21821518437499998 0.3761535234375 0.1628460578125 0.3845427859375 0.089020553125 0.392932046875 0.075597734375 0.3912541953125 0.037007131250000005 0.39964345625000003 0.021906459375 0.39796560468750003 0.0000943796875 0.398059984375 0 0.340722525 0
0 0.45 0.135694353125 0.4222944625 0.12677223124999998 0.413066275 0.1309668625 0.43823406093750006 0.1947252515625 0.43320050312499997 0.21653733281249998 0.4231333890625 0.226604446875 0.4231333890625 0.24170511718749998 0.4113884234375 0.25009437968750003 0.4164219796875 0.2635171984375 0.4029991609375 0.2769400171875 0.40803271875 0.2920406875 0.39460989999999996 0.30042995 0.39628775156249996 0.3155306203125 0.3845427859375 0.3289534390625 0.387898490625 0.3423762578125 0.3778313765625 0.354121225 0.379509228125 0.3641883390625 0.3493078859375 0.45311451406250003 0.3543414421875 0.468215184375 0.3677642625 0.47996015156249994 0.3937709734375 0.46737625781250003 0.401321309375 0.45479236562500003 0.42984479843749995 0.3843225671875 0.43823406093750006 0.34069840625 0.44662332187500003 0.333986996875 0.44494547031250004 0.325597734375 0.45 0.3162662953125 0.45 0.135694353125
0 0.5736162953124999 0 0.5552328015625 0.0471371640625 0.45 0.28905165 0.45 0.45427852343749997 0.48476300312500004 0.39277474843750004 0.6548623046875 0 0.5736162953124999 0
0 0.710643875 0 0.707917365625 0.0102244125 0.5552328015625 0.28707004999999997 0.5283871640625 0.3256606546875 0.511608640625 0.36760696249999997 0.4562395140625 0.4481438765625 0.45 0.4661691390625 0.45 0.5390625 0.49089251093749997 0.5390625 0.55858850625 0.4548552859375 0.572011325 0.41794253281250004 0.5887898484375 0.3978083046875 0.5904677015625 0.3843854859375 0.654226090625 0.26190226562499996 0.70959521875 0.1763317953125 0.7230180374999999 0.13941904375 0.7850985734375 0.02364723125 0.8228502515624999 0.027841862499999998 0.8337562921874999 0.015257970312499999 0.8337562921874999 0 0.710643875 0
0 0.560266359375 0.49680159375 0.6307361578125 0.44478817187499997 0.7758703859375 0.271130453125 0.832917365625 0.2728083046875 0.8404677015625 0.266935821875 0.8387898484375 0.2585465609375 0.7859375 0.21072776875 0.7272126671875 0.1738150171875 0.7263737421875 0.24176803750000003 0.578722734375 0.4330432046875 0.5569106546875 0.47834521875 0.5552328015625 0.4951237421875 0.560266359375 0.49680159375
0 0.7129088984375 0.5390625 0.9814072984374999 0.2115666953125 0.998185821875 0.178009646875 0.9705012578125001 0.143613675 0.9637898484375 0.143613675 0.9436556203125 0.168781459375 0.92855495 0.168781459375 0.9075817953125 0.1897546140625 0.868991190625 0.24344588906250003 0.6176165234375001 0.5390625 0.7129088984375 0.5390625
0 0.1177024015625 1 0.09855970625 0.9853131218750001 0.0887831703125 0.9708996031249999 0.07816864531249999 0.941078528125 0.0770513265625 0.9331262421875 0.0804032828125 0.9261679921875 0.0798446234375 0.9211978125 0.0734200421875 0.9177186875000001 0.070906075 0.9112574546874999 0.06978875625 0.9003230609375 0.07314071250000001 0.8883946328124999 0.065040153125 0.8819334 0.060850209375 0.8685139171875 0.06364350625000001 0.8516153078125 0.057777584375 0.8501242546875 0.0552636171875 0.8456510937499999 0.052470321875 0.8287524843749999 0.054704957812499996 0.8198061624999999 0.0429731140625 0.8058896624999999 0.040738478125 0.7989314109375 0.0418557953125 0.788991053125 0.032917248437500005 0.7810387671875001 0.028447974999999997 0.7611580515625 0.01783345 0.7382952281249999 0.0142021640625 0.7358101390625 0.0128055171875 0.74724155 0.016157471875000003 0.7671222656250001 0.015040153125 0.7850149109375 0.0206267453125 0.8048956265625 0.01783345 0.8257703781250001 0.0234200421875 0.8337226640625 0.025654678125000004 0.8506212718749999 0.022302723437499998 0.858573559375 0.022302723437499998 0.8655318093750001 0.0317999296875 0.872490059375 0.034034567187499996 0.8824304171874999 0.02956529375 0.898334990625 0.037665851562500005 0.9018141156249999 0.04017981875 0.9072813125 0.0424144546875 0.9192097421875 0.037386521875 0.9331262421875 0.0474423875 0.938096421875 0.050235684375 0.9480367796875001 0.049677025 0.9649353875 0.0563809359375 0.9848161031250001 0.056639528125000005 1 0.1177024015625 1
0 0.45 0.8518078859375 0.592302853125 0.8062709734375 0.6560612421875 0.7777474828125 0.751698825 0.755935403125 0.780222315625 0.74083473125 0.786933725 0.7307676171875 0.8154572140624999 0.7223783562499999 0.816296140625 0.70476090625 0.793645134375 0.6686870812500001 0.7600880875 0.6720427859375 0.5000209734375 0.7525796984374999 0.494987415625 0.7592911078125001 0.45 0.7746277265625 0.45 0.8518078859375
0 0.45 0.9058110625 0.46059144218750003 0.9262374156250001 0.5008599 0.9933515093749999 0.5092491609375001 0.9933515093749999 0.5042156046875 0.966505871875 0.5319001671875 0.9304320468749999 0.548678690625 0.9287541953125 0.557067953125 0.9153313765625001 0.5956585578125 0.9019085578125001 0.651027684375 0.8700293625000001 0.69297399375 0.8582843953125 0.7500209734375 0.8314387578125 0.7726719796875 0.813821309375 0.776027684375 0.8020763421874999 0.769316275 0.7987206375 0.7768666109375 0.7978817109375 0.7810612421875 0.7869756718750001 0.776027684375 0.778586409375 0.7466652687499999 0.769358221875 0.731564596875 0.782781040625 0.7030411078125001 0.7861367453125 0.503376678125 0.8817743281249999 0.45 0.8691324843749999 0.45 0.9058110625
0 0.838108221875 0.8322776843749999 0.8490142625000001 0.8314387578125 0.8548867453125 0.8171770140625 0.8708263421875 0.809626678125 0.9186451343750001 0.7567743281249999 0.9220008390625001 0.7282508390625 0.91612835625 0.71398909375 0.8808934562499999 0.715666946875 0.8355914421874999 0.7525796984374999 0.8263632546874999 0.7685192953125 0.7944840609374999 0.7936870812500001 0.793645134375 0.8012374156250001 0.6879404359375 0.8985528531250001 0.6250209734375 0.8993917781249999 0.6250209734375 0.9111367453125 0.691296140625 0.985801175 0.7240142625 0.9967072140625 0.72904781875 0.94637164375 0.7374370812500001 0.9312709734375 0.7550545296875001 0.9220427859375 0.7634437921874999 0.9086199671875 0.77351090625 0.9069421140625 0.7835780203125 0.8868078859375 0.798678690625 0.8851300328124999 0.7995176171875 0.8708682890624999 0.8154572140624999 0.8683515093749999 0.8196518453125 0.8540897656249999 0.8347525171875001 0.8490562078125 0.838108221875 0.8322776843749999