0 0.27109375 0.1484375 0.28203125 0.153125 0.290625 0.14921875 0.278125 0.12421875 0.24140625 0.0890625 0.2328125 0.09296875 0.234375 0.11015625 0.221875 0.12890625 0.1890625 0.15390625 0.2015625 0.17890625 0.221875 0.18984375 0.27109375 0.1484375
0 0.35703125 0.45 0.37109375 0.45625 0.37734375 0.4515625 0.39296875 0.4546875 0.39921875 0.446875 0.41796875 0.44375 0.4390625 0.43046875 0.38203125 0.403125 0.19921875 0.396875 0.16015625 0.3625 0.1546875 0.36953125 0.1484375 0.43515625 0.15 0.47265625 0.159375 0.47578125 0.19296875 0.4453125 0.21640625 0.44375 0.25078125 0.4515625 0.26640625 0.446875 0.27421875 0.453125 0.29140625 0.4484375 0.29765625 0.4546875 0.30546875 0.4484375 0.32109375 0.4546875 0.33515625 0.45 0.34453125 0.45625 0.35703125 0.45
0 0.3333249328125 0 0.3265625 0.02734375 0.334375 0.05703125 0.3296875 0.07265625 0.3375 0.08671875 0.3328125 0.09453125 0.3375 0.10078125 0.3328125 0.11953125 0.340625 0.12890625 0.3375 0.16640625 0.3453125 0.17265625 0.346875 0.19921875 0.3171875 0.23203125 0.31953125 0.2421875 0.3390625 0.24296875 0.41015625 0.2375 0.428125 0.23046875 0.42421875 0.2203125 0.3890625 0.19296875 0.3921875 0.17109375 0.3875 0.15546875 0.3921875 0.14765625 0.384375 0.13984375 0.3875 0.10078125 0.3796875 0.09296875 0.3828125 0.05546875 0.375 0.04609375 0.38125 0.03359375 0.3734375 0.02421875 0.3765625 0.00859375 0.3665364578125 0 0.3333249328125 0
0 0.4390625 0.559375 0.4390625 0.5410632625 0.42578125 0.5375 0.3984375 0.49609375 0.38828125 0.4953125 0.359375 0.51953125 0.38783482187499996 0.559375 0.4390625 0.559375
0 0.4390625 0.2064375 0.56171875 0.1671875 0.62109375 0.140625 0.71015625 0.1203125 0.73671875 0.10625 0.74296875 0.096875 0.76953125 0.0890625 0.7703125 0.07265625 0.74921875 0.0390625 0.71796875 0.0421875 0.47578125 0.1171875 0.47109375 0.1234375 0.4390625 0.13435724375 0.4390625 0.2064375
0 0.4390625 0.3982996328125 0.45546875 0.403125 0.4671875 0.43203125 0.46875 0.45859375 0.4828125 0.46171875 0.503125 0.44140625 0.5390625 0.37109375 0.5421875 0.34453125 0.53515625 0.3359375 0.48203125 0.3515625 0.45859375 0.3453125 0.44921875 0.33125 0.4390625 0.33125 0.4390625 0.3982996328125
0 0.4390625 0.27890625 0.4765625 0.34140625 0.484375 0.34140625 0.4796875 0.31640625 0.50546875 0.2828125 0.52109375 0.28125 0.52890625 0.26875 0.56484375 0.25625 0.61640625 0.2265625 0.65546875 0.215625 0.70859375 0.190625 0.7296875 0.17421875 0.7328125 0.16328125 0.7265625 0.16015625 0.73359375 0.159375 0.7375 0.14921875 0.7328125 0.14140625 0.70546875 0.1328125 0.69140625 0.1453125 0.66484375 0.1484375 0.47890625 0.2375 0.4390625 0.22806332187499997 0.4390625 0.27890625
0 0.790625 0.19140625 0.80078125 0.190625 0.80625 0.17734375 0.82109375 0.1703125 0.865625 0.12109375 0.86875 0.09453125 0.86328125 0.08125 0.83046875 0.0828125 0.78828125 0.1171875 0.7796875 0.13203125 0.75 0.15546875 0.74921875 0.1625 0.65078125 0.253125 0.5921875 0.25390625 0.5921875 0.26484375 0.65390625 0.334375 0.684375 0.34453125 0.6890625 0.29765625 0.696875 0.28359375 0.71328125 0.275 0.72109375 0.2625 0.73046875 0.2609375 0.73984375 0.2421875 0.75390625 0.240625 0.7546875 0.22734375 0.76953125 0.225 0.7734375 0.21171875 0.7875 0.20703125 0.790625 0.19140625
0 0 0.6854166671875 0.0026041671875 0.6883101859374999 0.0135416671875 0.7290509265624999 0.008854167187500001 0.7975694437499999 0.01171875 0.8035879625 0.0161458328125 0.803125 0.03984375 0.7795138890625 0.0783854171875 0.7239583328125 0.08854166718749999 0.705902778125 0.0895833328125 0.687384259375 0.0809895828125 0.6822916671875 0.05390625 0.6785879625 0.04140625 0.6665509265624999 0.029427082812499998 0.6452546296875 0.021354167187500002 0.6364583328125 0.0203125 0.6290509265625001 0.0223958328125 0.6207175921875 0.0200520828125 0.6137731484375 0.0122395828125 0.6137731484375 0.0015625 0.599421296875 0.0020833328125000002 0.5790509265625 0 0.577816359375 0 0.6854166671875
0 0.58125 0.91640625 0.603125 0.89453125 0.6046875 0.87734375 0.59921875 0.86875 0.56953125 0.853125 0.55078125 0.85 0.5484375 0.83359375 0.53984375 0.8234375 0.5109375 0.85859375 0.5015625 0.89296875 0.52421875 0.8890625 0.55859375 0.9125 0.58125 0.91640625
0 0.64453125 0.709375 0.59140625 0.70625 0.5765625 0.71484375 0.58203125 0.759375 0.64140625 0.7640625 0.65546875 0.778125 0.6640625 0.77734375 0.6703125 0.75078125 0.66640625 0.6984375 0.64453125 0.709375