0 0 0.2523779046875 0.3553615203125 0.10320670000000001 0.37660335 0.11954656875 0.3896752453125 0.11791258125 0.3986621734375 0.1040236921875 0.3970281859375 0.08441585 0.37742034375 0.03212826875 0.366799428125 0.023141340625 0.348825571875 0.023141340625 0.33983864375 0.03212826875 0.34147263125 0.0501021234375 0.3357536765625 0.055821078125 0 0.193740096875 0 0.2523779046875
0 0.08820465625 0.3458537578125 0.1282373359375 0.33196486875 0.1470281859375 0.3180759796875 0.134773284375 0.307455065625 0.1143484484375 0.30337009843749996 0.10617851250000002 0.2641544125 0.0963745921875 0.24454656875 0.082485703125 0.2388276140625 0.05552491875 0.2559844765625 0.0571589046875 0.28049428125000003 0.0718647875 0.3131740203125 0.0571589046875 0.342585784375 0.08820465625 0.3458537578125
0 0 0.47576381406249996 0.30143995156250003 0.3548406859375 0.348825571875 0.3286968953125 0.4354268796875 0.29928513125 0.45993668281250005 0.3139910125 0.4787275328125 0.2952001640625 0.46075367656250005 0.23474264687500002 0.4468647875 0.21921977187500002 0.4239889703125 0.21921977187500002 0.4166360296875 0.2282067 0.42153799062499997 0.24618055625 0.41418504843750004 0.253533496875 0 0.41624905156249997 0 0.47576381406249996
0 0.4068321078125 0.36546160156249996 0.403564134375 0.3474877453125 0.37823733593750003 0.3221609484375 0.3455575984375 0.3303308828125 0.30062295781250004 0.3556576796875 0.32186478749999997 0.39977532656250003 0.3463745921875 0.42755310468749996 0.3545445265625 0.42265114375 0.3578125 0.40140931406249997 0.4068321078125 0.36546160156249996
0 0.33902165 0.483925653125 0.350459559375 0.47412173125 0.36189746718750004 0.47738970625 0.3700674015625 0.469219771875 0.386407271875 0.4708537578125 0.4076491015625 0.4626838234375 0.455034721875 0.487193628125 0.45911968906249995 0.4782067 0.44931576875 0.4259191171875 0.42970792500000005 0.3752655234375 0.419904003125 0.376899509375 0.39457720625000003 0.415298203125 0.198498775 0.46758578437500004 0.19523079999999998 0.47738970625 0.1568321078125 0.49781454218750004 0.1576491015625 0.503533496875 0.19931576875 0.5125204250000001 0.205034721875 0.5068014703125 0.22300857812500002 0.5117034312500001 0.22954452656250002 0.503533496875 0.242616421875 0.5084354578125 0.25242034375 0.49863153593750004 0.267126225 0.501899509375 0.276930146875 0.4920955875 0.2916360296875 0.493729575 0.3030739375 0.485559640625 0.3161458328125 0.49046160156249996 0.32431576875 0.48065767968750006 0.33902165 0.483925653125
0 0.45895729999999996 0.559375 0.5596098859375 0.503533496875 0.5751327609375 0.48964460781249997 0.5702308 0.474938725 0.5498059640624999 0.4528799015625 0.53510008125 0.4545138890625 0.3438827625 0.559375 0.45895729999999996 0.559375
0 0.609375 0.2126838234375 0.598825571875 0.2126838234375 0.55389093125 0.2216707515625 0.5898386437500001 0.262520425 0.59147263125 0.33441584999999996 0.5963745921875 0.342585784375 0.5931066171875 0.3834354578125 0.599642565625 0.41611519531249996 0.5947406046875 0.43245506562499997 0.6012765515625 0.440625 0.5963745921875 0.4536968953125 0.609375 0.48114220156250004 0.609375 0.2126838234375
0 1 0.12288050937499999 0.9474877453125 0.120751634375 0.93523284375 0.1264705875 0.977716503125 0.1885620921875 0.979350490625 0.2065359484375 0.96791258125 0.2147058828125 0.9744485296875001 0.23431372499999997 0.9646446078124999 0.242483659375 0.9744485296875001 0.25555555625 0.9630106203125 0.2669934640625 0.96954656875 0.2849673203125 0.9613766343750001 0.296405228125 0.96954656875 0.30784313750000003 0.9613766343750001 0.317647059375 0.9662785953125 0.33562091562499996 0.9597426468750001 0.3486928109375 0.9662785953125 0.3568627453125 0.9646446078124999 0.4483660125 0.976899509375 0.46388888906250003 0.9891544124999999 0.46797385625 1 0.45840421875 1 0.12288050937499999
0 0.052803485937500005 0.559375 0.0938214875 0.603431371875 0.1068933828125 0.6066993468749999 0.1126123359375 0.6205882359375 0.12895220624999998 0.6287581703125 0.1314031859375 0.639379084375 0.155095996875 0.6549019609375 0.1583639703125 0.7071895421875001 0.1665339046875 0.7088235296875001 0.23679534375000003 0.6205882359375 0.18205678125 0.621405228125 0.11268086875000001 0.559375 0.052803485937500005 0.559375
0 0 0.7949838390625 0.3814031859375 0.72271241875 0.3993770421875 0.7390522875000001 0.41408292500000005 0.7374183000000001 0.421435865625 0.7267973859375 0.423069853125 0.70392156875 0.41163194374999995 0.6712418296875 0.39774305625 0.6573529406249999 0.386305146875 0.6573529406249999 0.376501225 0.6753267968750001 0 0.7415825984375 0 0.7949838390625
0 0.609375 0.559375 0.57498336875 0.559375 0.5782986109375 0.568300653125 0.527645015625 0.6810457515625 0.4982332515625 0.7986928109375 0.5047691999999999 0.8019607843750001 0.5325469765624999 0.77581699375 0.5423508984375001 0.7578431375 0.609375 0.5975681109375001 0.609375 0.559375
0 0.7917387984375 0.7304347828125 0.7846104890625 0.7585144921875 0.783592159375 0.7974637687499999 0.7912296328125 0.8291666671875 0.804213340625 0.854981884375 0.8225432796875 0.87128623125 0.8446919546875 0.873550725 0.852074846875 0.8721920296875 0.8627673109374999 0.8631340578125 0.8762601828125 0.8391304343750001 0.8859343171875 0.80108695625 0.8859343171875 0.761231884375 0.8813518328125 0.7422101453125001 0.8737143578125 0.72318840625 0.8556390015625001 0.6991847828125 0.8357815687500001 0.6901268109375 0.8225432796875 0.69193840625 0.8052316703125 0.706431159375 0.7917387984375 0.7304347828125