0 0.4890625 0.3651842953125 0.44236111093749997 0.34722222187499996 0.43368055625 0.3229166671875 0.41631944374999996 0.32118055624999997 0.389409721875 0.35850694375000003 0.38767361093749997 0.4001736109375 0.40069444374999996 0.40625 0.428472221875 0.39930555624999997 0.47621527812500003 0.42100694375 0.4890625 0.4124421296875 0.4890625 0.3651842953125
0 0.2239297328125 0 0.2470486109375 0.42100694375 0.2453125 0.43663194375 0.2269314234375 0.45 0.3259796625 0.45 0.3060763890625 0.4314236109375 0.28361872187500003 0 0.2239297328125 0
0 0.0285256765625 0 0.033506943750000004 0.3046875 0.0109375 0.3185763890625 0.009201389062499999 0.3359375 0.030034721874999996 0.3532986109375 0.0951388890625 0.35069444375000003 0.11510416718750001 0.32725694375000003 0.11163194375 0.31684027812500004 0.092534721875 0.3029513890625 0.0875818390625 0 0.0285256765625 0
0 1 0.1894801984375 0.99443069375 0.19257425781249998 0.984529703125 0.11831683125 0.9201732671875 0.083663365625 0.85581683125 0.09356435625000001 0.8360148515624999 0.23712871249999998 0.7073019796875 0.3608910890625 0.662747525 0.4301980203125 0.6181930687499999 0.440099009375 0.614480196875 0.45 0.8684842734375 0.45 0.9498762375 0.3856435640625 1 0.3784830265625 1 0.1894801984375
0 0.4890625 0.74240365 0.29600694375000003 0.9942708328125001 0.2928240734375 1 0.400806834375 1 0.4890625 0.879362759375 0.4890625 0.74240365
0 0.1921382671875 1 0.24045138906250002 0.7842013890625 0.25434027812500004 0.74600694375 0.2595486109375 0.70086805625 0.24826388906250002 0.6895833328125001 0.21006944375 0.684375 0.18836805625 0.6939236109375 0.14149305625 0.87274305625 0.1223958328125 0.923090278125 0.10421717187499999 1 0.1921382671875 1
0 0.8373263890625001 0.45 0.909375 0.81024305625 0.9154513890625001 0.825 0.928472221875 0.829340278125 0.9657986109374999 0.8232638890625001 0.9701388890625001 0.798090278125 0.8997160000000001 0.45 0.8373263890625001 0.45
0 0.83819444375 0.555034721875 0.843402778125 0.52899305625 0.8390625 0.47083333281249995 0.8095486109374999 0.48819444375 0.75225694375 0.48819444375 0.7375 0.49774305625000004 0.7392361109375 0.52725694375 0.7453125 0.53506944375 0.7609375 0.540277778125 0.795659721875 0.53680555625 0.819965278125 0.5454861109375 0.8295138890625001 0.55850694375 0.83819444375 0.555034721875
0 0.66659564375 0.45 0.6697916671875 0.4578125 0.66631944375 0.469965278125 0.675 0.47864583281249995 0.671527778125 0.49427083281249995 0.68194444375 0.5064236109375 0.6802083328124999 0.5203125 0.690625 0.5411458328125 0.662847221875 0.5880208328125 0.6697916671875 0.6001736109375 0.7088541671874999 0.59930555625 0.717534721875 0.5923611109375 0.7470486109375 0.5888888890625 0.7748263890625 0.5767361109375 0.7826388890625 0.56024305625 0.7375 0.52899305625 0.7236111109375 0.485590278125 0.72881944375 0.469965278125 0.718402778125 0.4595486109375 0.72198350625 0.45 0.66659564375 0.45
0 0.4890625 0.7265716953125001 0.7626736109375 0.64444444375 0.7739583328125 0.6348958328125 0.7704861109375 0.6123263890625 0.75399305625 0.5923611109375 0.726215278125 0.602777778125 0.6776041671875 0.60625 0.4890625 0.6624428109375 0.4890625 0.7265716953125001
0 0.88680555625 0.9282986109374999 0.87118055625 0.9057291671875 0.8703125 0.837152778125 0.84774305625 0.8354166671875 0.82256944375 0.8432291671875 0.8208333328125 0.907465278125 0.80694444375 0.93350694375 0.88680555625 0.9282986109374999