0 0.8289043249999999 0 0.8404207515625 0.06798406875 0.8600285953124999 0.146415440625 0.906597221875 0.1406964875 0.9204861109374999 0.13007557187500002 0.9204861109374999 0.07615400312500001 0.909563625 0 0.8289043249999999 0
0 0.6815583171874999 0 0.68355800625 0.0026245921875 0.6819240203125 0.0140625 0.694995915625 0.022232434375 0.6966299015625 0.035304329687500004 0.7080678109375 0.0451082515625 0.7080678109375 0.05981413437500001 0.71950571875 0.06635008125 0.72113970625 0.0810559640625 0.7325776140625 0.08922589843749999 0.7423815359375 0.113735703125 0.729309640625 0.1774611921875 0.8069240203125 0.1521343953125 0.8322508171875 0.128441584375 0.8404207515625 0.10719975468750001 0.8036560453125 0.0916768796875 0.7881331703125001 0.077787990625 0.7848651953125 0.0614481203125 0.775061275 0.0549121734375 0.7465354703125 0 0.6815583171874999 0
0 0.5199235390625 0 0.5266952609375 0.0107945265625 0.5822508171875 0.0810559640625 0.6067606203125 0.128441584375 0.6165645421875 0.1349775328125 0.621466503125 0.1545853765625 0.65087826875 0.1938010625 0.6525122546875 0.2052389703125 0.6704861109375 0.21340890468749998 0.6884599671875 0.2493566171875 0.6990808828125 0.2469056375 0.7244076796875 0.2166768796875 0.7162377453125 0.17419321875 0.691727940625 0.1431474671875 0.631270425 0.032036356249999995 0.6115308515625 0 0.5199235390625 0
0 0 0.80141110625 0.098794934375 0.7380616828125 0.11023284375 0.7364276953125 0.124938725 0.74459763125 0.13964460781250002 0.7396956703124999 0.1486315359375 0.7225388078125 0.1388276140625 0.698029003125 0.11186682968749999 0.661264296875 0.0971609484375 0.6514603765625 0.0873570265625 0.6530943625 0.0767361109375 0.6686172390625 0.07837009843750001 0.6882250812499999 0.07265114375000001 0.697212009375 0 0.7379856109375 0 0.80141110625
0 0.36875 0.6709935640625 0.3447099671875 0.61959763125 0.331638071875 0.6212316171875 0.31856617656249997 0.6653492640625001 0.3079452609375 0.6743361921875 0.262193628125 0.6841401140625 0.25729166718749996 0.6923100484375 0.19520016406250001 0.718453840625 0.1853962421875 0.7282577609375 0.172324346875 0.726623775 0.162520425 0.7380616828125 0.13474264687499998 0.7462316171875 0.08980800625 0.789532271875 0.1061478765625 0.79443423125 0.1265727125 0.7903492640625001 0.13964460781250002 0.795251225 0.14618055624999998 0.787081290625 0.162520425 0.7903492640625001 0.172324346875 0.77891135625 0.1853962421875 0.7821793296875 0.1935661765625 0.769107434375 0.206638071875 0.7723754078124999 0.21644199375 0.7593035125 0.2311478765625 0.7609375 0.24095179687499998 0.7494995921875001 0.2540236921875 0.751133578125 0.262193628125 0.7380616828125 0.276899509375 0.7413296562499999 0.2834354578125 0.7315257359375 0.2997753265625 0.7315257359375 0.3046772875 0.7200878265625 0.32101715625 0.7200878265625 0.32918709218750003 0.7119178921875 0.36875 0.7226105703125001 0.36875 0.6709935640625
0 0 0.8904561953125001 0.014644607812499998 0.913715278125 0.038337418750000005 0.911264296875 0.05549428125 0.894107434375 0.05712826875 0.8826695265625 0.026082515625000004 0.83038194375 0.030984476562500002 0.8058721406250001 0.012193628125 0.8001531859375 0 0.8068042562500001 0 0.8904561953125001
0 0.5822624296875001 1 0.5955677875000001 0.9944261593749999 0.5990440328125001 0.9910372125 0.6071552718750001 0.9876482671875 0.60947276875 0.9845200078125 0.617004634375 0.9813917484375001 0.6285921203125 0.9720069734375001 0.6361239859375 0.9691394031249999 0.6407589796875 0.964447015625 0.6514774046875 0.9591029062499998 0.661906140625 0.9570174015624999 0.6711761296875001 0.9567567125 0.6775492468750001 0.9546712062499999 0.6900057937499999 0.9529767328125001 0.682763615625 0.948675378125 0.6346755500000001 0.9335554609375001 0.62946118125 0.9340768374999999 0.6187427578125 0.9402030109374999 0.6239571265625 0.9482843453124999 0.6239571265625 0.95219466875 0.6210602546875 0.9558443046875 0.602520278125 0.9652290796875 0.5990440328125001 0.9691394031249999 0.59035341875 0.9730497265625001 0.587456546875 0.976177984375 0.5828215531250001 0.9774814265625 0.58050405625 0.9813917484375001 0.572972190625 0.9850413843750001 0.5700753187500001 0.989473084375 0.565440325 0.9918192781249999 0.5642815765625 0.9980757953125 0.5621433234375 1 0.5822624296875001 1
0 0.973030128125 0.9630132296875 0.977375434375 0.9610580687500001 0.9608632671875 0.9515429484375 0.9064020859374999 0.9330340843750001 0.8936558515625 0.9301665140625 0.882358053125 0.9256044703124999 0.8742468140625 0.9201300187499999 0.87048088125 0.9082687046875 0.853099653125 0.91348246875 0.8394843562500001 0.9201300187499999 0.8180475093750001 0.9365533765624999 0.8247103124999999 0.9379871609375 0.8345596750000001 0.9366837203125 0.854837775 0.9372050968749999 0.8878621093749999 0.9445043671875 0.892497103125 0.9468505609375001 0.9023464656249999 0.948936065625 0.907560834375 0.9515429484375 0.9162514484375001 0.9528463890625 0.92030706875 0.9549318953124999 0.93015643125 0.9562353359374999 0.937688296875 0.9585815296875001 0.9486964078125 0.9596242828125 0.952752028125 0.9611884125 0.968105446875 0.9628828859375 0.973030128125 0.9630132296875
0 0.9817207421875 0.839447015625 0.9907010421875 0.8343635953125 0.9941772890625 0.8111623437500001 0.9935979140625001 0.80646995625 0.9909907296875 0.8052968593750001 0.986935109375 0.805557546875 0.973030128125 0.8112926874999999 0.9620220156249999 0.8138995703124999 0.9429026656249999 0.8146816343750001 0.9342120515625 0.81337819375 0.9249420624999999 0.8144209468750001 0.9162514484375001 0.8131175046875001 0.9058227109375 0.8138995703124999 0.8988702203125001 0.8128568171874999 0.852520278125 0.8131175046875001 0.8255793749999999 0.8179402375 0.83050405625 0.8209381515625 0.838035921875 0.82276296875 0.87048088125 0.8269339812500001 0.906981459375 0.8274553578124999 0.9440614140625 0.8298015515625 0.9556488984375001 0.8324084328125 0.9689745078125 0.8389256390625001 0.9750579375000001 0.839577359375 0.9817207421875 0.839447015625
0 0.36875 0.8216933328125 0.37975086875 0.8232843453124999 0.4446407875 0.848831790625 0.4791135578125 0.857564846875 0.48693510937499995 0.8571738140624999 0.4889629203125 0.8546972765625 0.4710023171875 0.8414021765624999 0.44782734687500003 0.8320174015624999 0.4434820390625 0.8290194859375 0.41016801875000003 0.8161154203125001 0.3962630359375 0.8080340843750001 0.392207415625 0.8036023859375 0.3893105453125 0.792132103125 0.37975086875 0.792001759375 0.36875 0.7962688437500001 0.36875 0.8216933328125
0 0.6900057937499999 0.7324345015625 0.68942641875 0.7298276203125 0.68015643125 0.71548976875 0.6737833140625 0.712100821875 0.6714658171875 0.7074084328125 0.664513325 0.7055836156249999 0.6592989578124999 0.6993270984375 0.6552433375 0.69776296875 0.6436558515625 0.687335440625 0.6378621093750001 0.6855106234375 0.632068365625 0.680557546875 0.628012746875 0.671172771875 0.6314889921875 0.662570059375 0.63033024375 0.6607452421875 0.6265643109375001 0.6593114578125 0.6161355734375 0.659832834375 0.607444959375 0.6642645328125 0.5981749703125001 0.664785909375 0.5889049828124999 0.6671321031249999 0.572392815625 0.673779653125 0.572972190625 0.6792541062499999 0.567757821875 0.6834251171875 0.5744206249999999 0.6859016546875 0.5906431046874999 0.6879871609375 0.60049246875 0.69059404375 0.6088933953125 0.696459528125 0.617004634375 0.6995877875 0.656981459375 0.72513523125 0.67986674375 0.7333469109374999 0.687688296875 0.73373794375 0.6900057937499999 0.7324345015625