0 0.45 0.27742970312500004 0.2853885140625 0.40629222968749995 0.1739020265625 0.4839949328125 0.1527871625 0.5152449328125 0.174746621875 0.56423141875 0.221199325 0.5414273656249999 0.41714527031250004 0.3894003375 0.45 0.3659326734375 0.45 0.27742970312500004
0 0.45 0.1214367984375 0.42390202656250003 0.1394003375 0.0767736484375 0.4628800671875 0.0548141890625 0.5034206078125 0.08184121562499999 0.5422719593750001 0.118158784375 0.517778715625 0.150253378125 0.5127111484375 0.1722128375 0.47554898593750006 0.38336148593749997 0.29480574375 0.45 0.23097306093749997 0.45 0.1214367984375
0 0.30016891874999996 0 0.312415540625 0.011021959375 0.32423986562499996 0.0127111484375 0.3326858109375 0.0279138515625 0.344510134375 0.029603040625 0.35295608125 0.0431165546875 0.363091215625 0.04480574375 0.45 0.1151604734375 0.45 0.0404983109375 0.4391047296875 0.029603040625 0.42390202656250003 0.0245354734375 0.418834459375 0.014400337499999999 0.40363175625 0.011021959375 0.3981207765625 0 0.30016891874999996 0
0 0.08193036718749999 0 0.10802364843750001 0.0245354734375 0.1418074328125 0.0431165546875 0.1891047296875 0.08196790468750001 0.1924831078125 0.092103040625 0.22288851406250001 0.1123733109375 0.2347128375 0.129265203125 0.2608952703125 0.1453125 0.262584459375 0.192609796875 0.269341215625 0.20950168906250002 0.283699325 0.20865709531249998 0.3200168921875 0.174028715625 0.362246621875 0.11490709531250001 0.3673141890625 0.08956925624999999 0.35295608125 0.085346284375 0.293834459375 0.09379222968749999 0.2853885140625 0.08196790468750001 0.269341215625 0.0777449328125 0.26511824375000004 0.06338682500000001 0.25160472968750003 0.061697634375 0.24484797343750003 0.0464949328125 0.23302364843749998 0.0464949328125 0.22288851406250001 0.029603040625 0.209375 0.029603040625 0.2043074328125 0.0127111484375 0.1891047296875 0.0127111484375 0.18063063125 0 0.08193036718749999 0
0 0 0 0 0.11276745625 0.019341215624999998 0.13855574375 0.12913851406250001 0.26862331093749997 0.15616554062500002 0.2905827703125 0.205996621875 0.2711570953125 0.21021959531249998 0.258488175 0.188260134375 0.2314611484375 0.1764358109375 0.2027449328125 0.014002737500000001 0 0 0
0 0 0.44314276562500005 0.0176520265625 0.45105574375 0.04045608125 0.4502111484375 0.053125 0.4409206078125 0.056503378125 0.42065033749999997 0.049746621875 0.40206925625 0.1409628375 0.3192989859375 0.13589527031249998 0.299028715625 0.11646959531250001 0.2745354734375 0.096199325 0.27960304062499997 0.018496621875 0.34548141875 0.0032939187500000003 0.348859796875 0 0.34794481875 0 0.44314276562500005
0 1 0.1079284796875 0.8745489687500001 0.0682023203125 0.807538659375 0.073356959375 0.776610825 0.10428479375 0.7714561859375 0.1764497421875 0.79722938125 0.21768685625 1 0.28124182656249996 1 0.1079284796875
0 0.1483787453125 1 0.169510134375 0.9714104734375001 0.17711148593749998 0.9452280406250001 0.2108952703125 0.9553631750000001 0.22863175624999998 0.9528293921875001 0.2303209453125 0.9359375 0.2075168921875 0.908065878125 0.1551520265625 0.8776604734375001 0.1365709453125 0.875971284375 0.1272804046875 0.8818834453125 0.137415540625 0.939315878125 0.10363175625000001 0.9714104734375001 0.10025337812499999 0.9849239859375001 0.086739865625 0.995059121875 0.0861222546875 1 0.1483787453125 1
0 0.6492800828125 0.6 0.64269425625 0.6276604734375 0.683234796875 0.6124577703125 0.7085726343750001 0.61076858125 0.86735641875 0.6749577703125 0.932390203125 0.6876266890625 0.9450591218749999 0.688471284375 0.945903715625 0.682559121875 0.9239442562499999 0.663978040625 0.9180320953125001 0.6496199328125 0.90451858125 0.6462415546875 0.8994510140624999 0.6377956078125 0.8876266890625001 0.6377956078125 0.875802365625 0.625971284375 0.8622888515625 0.6276604734375 0.8504645265625002 0.6158361484375 0.8108741546875 0.6 0.6492800828125 0.6
0 0.9022419156249999 1 0.8935388515625 0.9528293921875001 0.8614442562499999 0.8126266890625 0.8614442562499999 0.8058699328125 0.8783361484375 0.7940456078125 0.8783361484375 0.7805320953125 0.86735641875 0.769552365625 0.8437077703125 0.767863175 0.808234796875 0.7796875 0.7955658781249999 0.8024915546875 0.8175253375 0.8176942562499999 0.8276604734375 0.9190456078124999 0.8424585875 1 0.9022419156249999 1
0 0.45 1 0.45977760312499993 1 0.46110641875 0.9967483109374999 0.5404983109375 0.782221284375 0.544721284375 0.7746199328125 0.5692145265625 0.7687077703125 0.5692145265625 0.745059121875 0.539653715625 0.7256334453125 0.50418074375 0.720565878125 0.489822634375 0.7315456078125 0.4965793921875 0.763640203125 0.489822634375 0.7872888515625001 0.46955236562499997 0.821072634375 0.45 0.86899195625 0.45 1