0 0.1718941984375 0 0.1695712453125 0.0116147609375 0.17639718437500002 0.020147184375 0.196875 0.139601109375 0.2258852390625 0.1942086171875 0.23783063124999998 0.1873826796875 0.24465657031250002 0.1703178328125 0.2412436 0.1532529859375 0.2497760234375 0.143014078125 0.2412436 0.1310686859375 0.24636305468750003 0.11741680937500001 0.239537115625 0.10888438593750001 0.2429500859375 0.0918195390625 0.23441766249999998 0.08328711562499999 0.239537115625 0.0662222703125 0.22929820781250002 0.0508639078125 0.23441766249999998 0.040625 0.22417875468749998 0.023560153125 0.23100469218750003 0.0150277296875 0.220765784375 0.0030823375 0.22192166093750001 0 0.1718941984375 0
0 0 0.4244473203125 0.057796501562500005 0.3844816546875 0.0688886515625 0.37509598906249997 0.0688886515625 0.363150596875 0.0390251703125 0.333287115625 0.0287862625 0.333287115625 0 0.353077671875 0 0.4244473203125
0 0.131175340625 0.333287115625 0.1755439421875 0.3042768765625 0.3649637375 0.171171075 0.40079991406250004 0.1387478671875 0.4212777296875 0.15410622812500002 0.43492960781249995 0.15239974375 0.44431527343750005 0.1276557171875 0.41530503437500005 0.079874146875 0.3990934296875 0.0653690265625 0.388854521875 0.0619560578125 0.3803220984375 0.0670755125 0.3709364328125 0.079874146875 0.3752026453125 0.0977922359375 0.1004586171875 0.28209257656250003 0.0910729515625 0.29659769687500004 0.11837670625 0.3341403578125 0.131175340625 0.333287115625
0 0.2156164671875 0.459375 0.21735281562500003 0.457007253125 0.2122333625 0.445061859375 0 0.1924030953125 0 0.2843248203125 0.1471718171875 0.459375 0.2156164671875 0.459375
0 0.7600588312500001 0 0.7463506109375 0.06881958437499999 0.7429376421875 0.0931110828125 0.7446441265624999 0.11132970625000001 0.7506168234375 0.1118357796875 0.77848940625 0.0885564265625 0.8012425343749999 0.092605009375 0.8074996437499999 0.1027264671875 0.8200138656250001 0.104750759375 0.823426834375 0.11892080000000001 0.8325280859374999 0.11993294531250001 0.8365098828124999 0.1310665484375 0.8456111343749999 0.1341029859375 0.848739690625 0.1396697875 0.84930851875 0.15383982812500002 0.8512994171875 0.1573823375 0.861538325 0.16041877499999999 0.86608895 0.17863739843749998 0.8763278578125 0.18066169062499998 0.8834382109375 0.195337803125 0.8933927046875001 0.1928074390625 0.8970900875 0.18420419999999998 0.8965212593749999 0.17509488906249998 0.893108290625 0.15383982812500002 0.8874200078125 0.147766953125 0.8857135234375001 0.14068193281250002 0.8845758671875 0.1214511640625 0.872061646875 0.10829326875 0.872630475 0.0920989375 0.8706395765625 0.0895685734375 0.863244809375 0.092605009375 0.8581253562500001 0.0865321359375 0.8538591437499999 0.077928896875 0.8535747296875 0.06021634687500001 0.8450423062500001 0.067301365625 0.8328125 0.054649545312500006 0.8313904296875 0.04300986875 0.821151521875 0.0470584515625 0.8160320671875001 0.0389612859375 0.804655503125 0.030864118750000002 0.791288040625 0.008090840625 0.789368165625 0 0.7600588312500001 0
0 0 0.459375 0 0.4834854796875 0.443451365625 0.513875853125 0.45966296875 0.5113161265625 0.47075511875 0.495104521875 0.4724616046875 0.4626813140625 0.46735184687500003 0.459375 0 0.459375
0 0.2602940640625 1 0.3530076796875 0.7050021328125 0.3453284984375 0.6904970140625 0.32826365156250004 0.685377559375 0.3060793515625 0.681964590625 0.2949872015625 0.694763225 0.20093168437500003 1 0.2602940640625 1
0 0.87079733125 0.459375 0.713214590625 0.67453605 0.697856228125 0.71549168125 0.716627559375 0.7445019203125 0.73369240625 0.7581537968750001 0.7746480375 0.7171981656249999 0.8787436 0.5875053328125001 0.9720639578124999 0.459375 0.87079733125 0.459375
0 1 0.83491911875 0.8010985500000001 0.8767544796875001 0.757583190625 0.8980855375000001 0.750757253125 0.9288022609375 0.759289675 0.95439953125 0.9154330203125 0.9347749578125001 0.9956377984374999 0.9160036265624999 1 0.915706203125 1 0.83491911875
0 0.7823272187500001 0.8613961171875001 0.8898357515624999 0.806788609375 0.9171395046875 0.82385345625 0.9359108359375 0.8221469703125 0.953828925 0.8008159125000001 0.953828925 0.780338096875 0.9248186859375 0.720611134375 0.900074659375 0.70439953125 0.8761838734375 0.706106015625 0.8633852390625 0.71890465 0.8650917234375001 0.7445019203125 0.8591190265625 0.7504746156250001 0.7567299484375 0.8033756406249999 0.750757253125 0.8178807593750002 0.7678220984374999 0.8605428749999999 0.7823272187500001 0.8613961171875001
0 0.734868896875 1 0.73369240625 0.9885292234375 0.675671928125 0.594331271875 0.679084896875 0.5636145484374999 0.7115081062499999 0.5516691546875 0.713214590625 0.5294848546875001 0.70041595625 0.5064473125 0.6526343859375 0.4979148890625 0.5877879687500001 0.504740828125 0.5604842156250001 0.5149797359375 0.5442726109375 0.5346043093749999 0.5442726109375 0.553375640625 0.5536582765625 0.571293728125 0.5877879687500001 0.5764131828125001 0.597173634375 0.597744240625 0.6142384812499999 0.7888705203124999 0.6425237703125 1 0.734868896875 1
0 0.5390625 1 0.6073728703125 1 0.6057060578125 0.8008159125000001 0.597173634375 0.6506452640625 0.590347696875 0.599450725 0.5792555453125 0.5781196671875 0.5390625 0.5819114640625 0.5390625 1