0 0 0 0 0.03943790625 0.005925325 0.038697240625000004 0.015665584375 0.0500608765625 0.03189935 0.0468141234375 0.0383928578125 0.058177759375000006 0.053003246875 0.054931006250000004 0.06680194843750001 0.0622362015625 0.10495129843749999 0.059801135937500007 0.11063311718749999 0.0524959421875 0.072483765625 0.02408685 0.0692370125 0.014346590624999999 0.031482826562499996 0 0 0
0 0 0.179739153125 0.0189123375 0.183177759375 0.028652596875000002 0.194541396875 0.0448863640625 0.19291801875 0.053003246875 0.2026582796875 0.065990259375 0.1994115265625 0.078165584375 0.20509334375 0.1228084421875 0.2026582796875 0.12524350625 0.19697646093750001 0.08709415625 0.170190746875 0.0789772734375 0.157203734375 0.061120129687500004 0.14908685 0.048133117187500005 0.1507102265625 0.03676948125 0.13934659062500002 0.02540584375 0.13934659062500002 0 0.12410308437499999 0 0.179739153125
0 0.7392857140625 0.2394886359375 0.7457792203125 0.2459821421875 0.747402596875 0.27195616875 0.7571428578124999 0.275202921875 0.772564934375 0.25978084375 0.81314935 0.2646509734375 0.8375 0.2581574671875 0.84318181875 0.2427353890625 0.8383116890625001 0.2167613640625 0.8147727265625001 0.2078327921875 0.7790584421875 0.206209415625 0.772564934375 0.212702921875 0.7579545453125001 0.1915990265625 0.7482142859375001 0.193222403125 0.7392857140625 0.211891234375 0.7392857140625 0.2394886359375
0 0.8358766234375 0.3198457796875 0.7952922078125 0.274391234375 0.772564934375 0.2857548703125 0.7603896109375 0.306047078125 0.79448051875 0.34663149375 0.7961038968749999 0.3790990265625 0.8025974031249999 0.380722403125 0.8358766234375 0.3604301953125 0.865909090625 0.32877435 0.8358766234375 0.3198457796875
0 0.88051948125 0.28656655781249996 0.9202922078124999 0.280884740625 0.9259740265625 0.2735795453125 0.9235389609375 0.2646509734375 0.90649350625 0.2573457796875 0.9048701296874999 0.200527596875 0.8943181812500001 0.1883522734375 0.8618506499999998 0.18997565 0.8480519484375 0.2021509734375 0.8496753250000001 0.25896915625 0.8334415578125001 0.275202921875 0.8375 0.2825081171875 0.88051948125 0.28656655781249996
0 0.735307940625 0 0.5328388046875 0.4 0.5931474578125 0.4 0.8014541671875 0 0.735307940625 0
0 0.2456168828125 0.622321428125 0.2521103890625 0.5947240265625 0.19935065000000002 0.5614448046875 0.1928571421875 0.5435876625 0.171753246875 0.55008116875 0.1482142859375 0.5866071421875001 0.14334415625000002 0.609334415625 0.15714285781249998 0.6101461031250001 0.16850649374999999 0.6020292203125 0.171753246875 0.6085227265625 0.23100649374999999 0.6353084421874999 0.2456168828125 0.622321428125
0 0.1985389609375 0.53790584375 0.216396103125 0.5265422078124999 0.22126623437499998 0.4892045453125 0.19772727343750002 0.4770292203125 0.184740259375 0.4802759734375 0.16363636406249998 0.4737824671875 0.15064935 0.45592532500000005 0.14253246718749998 0.4575487015625 0.1254870125 0.4859577921875 0.1206168828125 0.52491883125 0.13116883125 0.527353896875 0.153896103125 0.5176136359375001 0.1985389609375 0.53790584375
0 0.1336136359375 0.4 0.1303571421875 0.4047889609375 0.1254870125 0.43076298749999997 0.14740259687499999 0.4445616890625 0.15551948124999998 0.4396915578125 0.1879870125 0.44943181875000004 0.1985389609375 0.46323051875 0.20990259687499999 0.459983765625 0.22613636406249998 0.42751623437499997 0.23100649374999999 0.4015422078125 0.2294642859375 0.4 0.21646374375000002 0.4 0.20097402656250002 0.41858766249999996 0.19935065000000002 0.40235389687499995 0.1875811703125 0.4 0.1336136359375 0.4
0 0.61743100625 0.5681818187500001 0.6109375 0.5600649343749999 0.594703734375 0.5616883109375 0.58658685 0.5535714281249999 0.5719764609375 0.5568181812499999 0.563859578125 0.5487012984375 0.546002434375 0.5519480515625 0.533015421875 0.5470779218749999 0.5232751625 0.5551948046875 0.50541801875 0.5535714281249999 0.4851258109375 0.5641233765625 0.5102881499999999 0.5762987015625 0.5184050328125 0.5876623375000001 0.5313920453125001 0.5876623375000001 0.5411323046875001 0.60064935 0.55411931875 0.5990259734375 0.560612825 0.608766234375 0.5752232140625 0.60551948125 0.5849634734375 0.6136363640625 0.594703734375 0.6103896109375 0.63041801875 0.6233766234375 0.645028409375 0.6201298703125 0.6547686687500001 0.6298701296875 0.6693790578125001 0.6266233765625 0.6774959421875 0.6363636359375 0.6872362015625 0.63149350625 0.7002232140625 0.6396103890625 0.71158685 0.6363636359375 0.7253855515625001 0.6469155843750001 0.7464894484375 0.6826298703125 0.7562297078125 0.6858766234375 0.7692167203125 0.6761363640625 0.7854504875 0.6274350656250001 0.788697240625 0.5852272734375 0.7781452921875001 0.5698051953125 0.72944399375 0.59415584375 0.71158685 0.5909090906250001 0.701846590625 0.5811688312500001 0.6661323046875001 0.5795454546875 0.6563920453125001 0.5698051953125 0.64178165625 0.5730519484375 0.6336647734375 0.5649350656250001 0.61743100625 0.5681818187500001
0 0.6767422296875 1 0.5906452921875001 0.671266234375 0.5817167203125 0.6574675328125 0.560612825 0.6574675328125 0.5370738640624999 0.6728896109375 0.5370738640624999 0.690746753125 0.5533076296875 0.7329545453125 0.5760349031249999 0.8336038968749999 0.6224075875 1 0.6767422296875 1
0 0.7188920453125001 0.8498376624999999 0.707528409375 0.8303571421874999 0.7123985390625001 0.7702922078125 0.69210633125 0.75649350625 0.6693790578125001 0.75649350625 0.6588271109375 0.7751623375 0.65395698125 0.8157467531249999 0.6360998375 0.8336038968749999 0.6377232140625 0.8384740265625 0.6596387984375001 0.8506493500000001 0.714021915625 0.8547077921875001 0.7188920453125001 0.8498376624999999
0 0.815544075 1 0.770840096875 0.7849025968750001 0.76759334375 0.7475649343749999 0.7838271109375 0.7232142859375 0.7684050328125 0.7029220781250001 0.7408076296875 0.7029220781250001 0.69210633125 0.71915584375 0.6848011359375 0.7394480515625 0.6880478890624999 0.7508116890625001 0.7034699671875 0.7548701296875 0.7156452921875001 0.7735389609375 0.7608065984375 1 0.815544075 1
0 0.8815835218749999 1 0.8820413968749999 0.9983766234375 0.92911931875 0.9886363640625 0.9445413968749999 0.9748376624999999 0.9380478890624999 0.9504870125 0.925872565625 0.9350649343749999 0.8739245125 0.9529220781250001 0.8690543828124999 0.9642857140625001 0.84145698125 0.9464285718750001 0.8373985390625001 0.9504870125 0.845515421875 0.9894480515625 0.8512310609375 1 0.8815835218749999 1
0 1 0.891804875 0.8844764609375 0.6485389609375 0.8812297078124999 0.6339285718750001 0.8942167203124999 0.6225649343749999 0.895840096875 0.612824675 0.88041801875 0.5957792203125 0.8511972406249999 0.5990259734375 0.8057426953124999 0.625 0.8000608765624999 0.6501623375 0.8089894484375 0.6590909093749999 0.8341517859375 0.6599025968750001 0.91694399375 0.8206168828125 0.99161931875 0.9878246749999999 1 0.9969037468749999 1 0.891804875