0 0 0.11973137812500001 0.00550140625 0.12034264531250001 0.031224879687500002 0.1026577578125 0.0521252015625 0.123558078125 0.0810641078125 0.1348120984375 0.1317071953125 0.167770296875 0.1542152328125 0.15330084375 0.16225381875 0.12596965468750002 0.073025521875 0.06728798281250001 0.0521252015625 0.060857114062499995 0.051321342187499994 0.0359375 0.03845960625 0.015037178125 0.018363143749999998 0.0142333203125 0 0.041191976562499996 0 0.11973137812500001
0 1 0.058709110937499996 0.991067121875 0.069016278125 0.9926748390625001 0.0850934484375 0.9838323953125 0.092328175 0.55 0.29370209062499997 0.55 0.35155834218750004 0.821452975 0.22737640625000002 0.9983018484375 0.137344253125 1 0.136778203125 1 0.058709110937499996
0 1 0.28112995 0.9854401124999999 0.2707847671875 0.96534365 0.2699809078125 0.9701668 0.321427853125 0.944443328125 0.351974478125 0.944443328125 0.3616207796875 0.9026426843750001 0.4082445734375 0.9010349671875 0.41789087656249996 0.88817323125 0.4259294609375 0.88763636875 0.4296875 0.95542604375 0.4296875 0.9701668 0.40020598906249993 0.9814208203125 0.3937751203125 0.9846362546874999 0.37930566718750003 0.9974979906249999 0.3728747984375 1 0.3673703765625 1 0.28112995
0 0.8461007578124999 0.4296875 0.8833500796875 0.387344253125 0.8905848078125 0.380109525 0.9163082796875 0.38493267656249996 0.9235430062500001 0.37930566718750003 0.9283661578124999 0.3648362140625 0.9138967046875 0.33911274062499996 0.8728999203125 0.3061545421875 0.85039188125 0.3093699765625 0.8431571546875001 0.31821242031249997 0.8495880218749999 0.34715132656250003 0.771553821875 0.4296875 0.8461007578124999 0.4296875
0 0.55 0.7101344546874999 0.3141629828125 0.6132586421874999 0.3085359734375 0.60763163125 0.3101436890625 0.58994674375 0.3013012453125 0.5811043 0.2836163578125 0.5811043 0.2731661984375 0.58994674375 0.25387359374999996 0.6413936890625 0.2522658765625 0.66068629375 0.26110832031250003 0.6743518890625 0.27397005625 0.67595960625 0.294870378125 0.6598824359375 0.55 0.7669789875 0.55 0.7101344546874999
0 0.55 0.798823765625 0.5496935296875 0.798949959375 0.5400472265625 0.8182425640625001 0.5320086421875 0.8568277734375 0.511912178125 0.8608470656249999 0.4998543 0.8712972265625 0.518343046875 0.8849628218750001 0.55 0.8959458453125 0.55 0.798823765625
0 0.55 0.9307596109375 0.2369925640625 0.8077924031249999 0.2297578375 0.8005576765625 0.2345809890625 0.7828727890625 0.2273462625 0.7740303453124999 0.2048382234375 0.7740303453124999 0.191172628125 0.7893036578125 0.173487740625 0.8487891874999999 0.19197648750000001 0.8672779343750001 0.2160922421875 0.8528084812500001 0.3013012453125 0.8817473875000001 0.34792504062499996 0.9074708593749999 0.55 0.988533559375 0.55 0.9307596109375
0 0.32782857656250003 0.9516830781250001 0.3487288984375 0.9082747187500001 0.30451667968749996 0.8833551046875 0.27236233906249996 0.8753165187499998 0.24744272500000003 0.9002361328124999 0.24422729062499998 0.9179210203124999 0.2924588015625 0.9532907953125 0.29567423593750003 0.9741911171875 0.303712821875 0.9790142687500001 0.32782857656250003 0.9516830781250001
0 0.3801987046875 1 0.25628516874999996 0.9669563906249999 0.23136555468750003 0.9291750406249999 0.221719253125 0.9275673234374999 0.2024266484375 0.9774065515625001 0.1981903765625 1 0.3801987046875 1
0 0.0559554609375 1 0.052908962500000004 0.9918760046875 0.059339831249999996 0.9838374203125 0.0545166796875 0.9677602484375001 0.0609475484375 0.9356059078125 0.05773211406249999 0.8954129828124999 0.062555265625 0.8873743968750001 0.0641629828125 0.816634846875 0.0995327578125 0.7764419218749999 0.05532053906249999 0.767599478125 0 0.767599478125 0 0.7957340234375 0.0175391875 0.8150271296875001 0.009500603125 0.8696895093750001 0.0127160375 0.8889821140624999 0.0078928859375 0.8954129828124999 0.0143237546875 0.911490153125 0.00628516875 0.9195287375 0.0127160375 0.9291750406249999 0.00628516875 0.9436444937499999 0.0111083203125 0.96132938125 0.0046774515625 0.9661525328125 0.0111083203125 0.9822297031249999 0.0046774515625 0.9966991562499998 0.0079782953125 1 0.0559554609375 1
0 0.63390865 0.4296875 0.55 0.506746465625 0.55 0.607497990625 0.5547025718749999 0.6056169609375 0.7448616234375 0.4296875 0.63390865 0.4296875