0 0.277258703125 0 0.2760878171875 0.0117088609375 0.2911194625 0.0188291140625 0.609375 0.07445544062500001 0.609375 0.0173828765625 0.514183053125 0 0.277258703125 0
0 0.42165743593749994 0.20949367031250002 0.41532832343750004 0.1825949359375 0.389220728125 0.135917721875 0.3702333859375 0.1612341765625 0.3188093359375 0.184177215625 0.326720728125 0.21107594999999998 0.3425435125 0.2284810125 0.35757515781250004 0.22610759531250002 0.3813093359375 0.210284809375 0.42165743593749994 0.20949367031250002
0 0.7294395625 0.35 0.609375 0.20540611874999998 0.609375 0.29807624062500004 0.6504115203125 0.35 0.7294395625 0.35
0 0.7708493453124999 0 0.772883703125 0.00593354375 0.7982001578125 0.11827531718749999 0.8124406640625 0.1483386078125 0.8156052218750001 0.18947784843749998 0.8377571203125 0.27650316406250003 0.8488330703125 0.34928797500000003 0.8491382234374999 0.35 0.9232001578125001 0.35 0.9232001578125001 0.33979430312500003 0.9026305375 0.26700949375 0.9026305375 0.2416930375 0.8630735765624999 0.0803006328125 0.85990901875 0.043908228125 0.847593296875 0 0.7708493453124999 0
0 0.7713910859374999 0 0.7982001578125 0.11827531718749999 0.8124406640625 0.1483386078125 0.8140229437500001 0.186313290625 0.8488330703125 0.34928797500000003 0.8491382234374999 0.35 0.9205542359375001 0.35 0.9232001578125001 0.33979430312500003 0.9042128171874999 0.27175632968749996 0.85990901875 0.04549050625 0.84691173125 0 0.7713910859374999 0
0 0.8877067750000001 0 0.9089596515625 0.23378164531249998 0.9160799046874999 0.24723101249999999 0.926364715625 0.2464398734375 0.9698773734374999 0.24248417656250001 0.9817444625 0.2353639234375 0.9636395453125001 0 0.8877067750000001 0
0 0.16209587812499998 0.642543859375 0.159134378125 0.63991228125 0.1502498765625 0.6416666671875 0.1423525421875 0.6337719296875 0.1388974578125 0.6434210531250001 0.1310001234375 0.64605263125 0.126557871875 0.64605263125 0.1226092046875 0.6381578953125 0.11866053750000001 0.63991228125 0.1147118703125 0.649561403125 0.1023722859375 0.649561403125 0.0974364515625 0.6442982453124999 0.0910198671875 0.6530701750000001 0.08016103125 0.656578946875 0.07423803125 0.6548245609375 0.0589369453125 0.6679824562500001 0.051039609374999996 0.6662280703125 0.048078109375 0.6732456140625 0.0283347734375 0.6846491234375 0.025620064062499996 0.689473684375 0.0362321078125 0.6995614031249999 0.0554818609375 0.700438596875 0.063872778125 0.7127192984375 0.0673278625 0.7127192984375 0.072263696875 0.7065789468749999 0.0791738640625 0.7057017546875001 0.086577615625 0.7188596484375 0.0910198671875 0.7188596484375 0.097930034375 0.7057017546875001 0.10286586874999999 0.7057017546875001 0.1147118703125 0.7153508765625001 0.120634871875 0.7048245609375 0.12557070625 0.7013157890625 0.131987290625 0.7109649124999999 0.137910290625 0.7127192984375 0.1458076265625 0.6978070171875 0.1502498765625 0.6986842109375 0.1581472109375 0.7092105265624999 0.16209587812499998 0.7092105265624999 0.16604454531249999 0.6986842109375 0.171967546875 0.6942982453125 0.17789054843750002 0.6960526312499999 0.181839215625 0.703070175 0.186281465625 0.7021929828125 0.18973655 0.6951754390625 0.1941788 0.6951754390625 0.2065183859375 0.6986842109375 0.221819471875 0.7092105265624999 0.22971680625 0.71798245625 0.2420563921875 0.73991228125 0.25020051875 0.74298245625 0.2536556015625 0.7394736843749999 0.256617103125 0.724561403125 0.2536556015625 0.63508771875 0.24674543437500002 0.5763157890625 0.24008205781249997 0.5671052624999999 0.23366547343750002 0.5688596484375 0.21762401250000002 0.6026315796875 0.2084927203125 0.6162280703125 0.18282638281250002 0.6355263156250001 0.17295471406250001 0.6372807015624999 0.16604454531249999 0.6293859656249999 0.16209587812499998 0.642543859375
0 0.609375 0.47422715625 0.6971716765625 0.46764240468749996 0.7557159812500001 0.46922468281250007 0.8031843359374999 0.4518196203125 0.8134691453125 0.44153480937499995 0.768374209375 0.42017404999999997 0.7509691453125 0.42175632968750004 0.7478045890625 0.41700949375 0.7319818031249999 0.4233386078125 0.7193235765625 0.41700949375 0.7098299046875 0.4233386078125 0.6955893984375 0.41859177187499996 0.68767800625 0.4249208859375 0.64812104375 0.42017404999999997 0.6402096515625 0.4265031640625 0.6243868671875 0.42175632968750004 0.618057753125 0.4265031640625 0.609375 0.42677449999999995 0.609375 0.47422715625
0 0.73446598125 0.35 0.739893196875 0.361629746875 0.7675830703125 0.3766613921875 0.7882079203125001 0.35 0.73446598125 0.35
0 0.609375 0.9824316906250001 0.621222309375 0.9787183546874999 0.643374209375 0.9929588609375 0.6504944625 0.99058544375 0.6489121828125 0.9431170890625001 0.6259691453125 0.90593354375 0.6172666140625 0.909889240625 0.6101463609375 0.932832278125 0.609375 0.9330399515625001 0.609375 0.9824316906250001
0 0.7576731796875 1 0.6141020562499999 0.6567246828125001 0.609375 0.629544103125 0.609375 0.7624455718750001 0.703344315625 1 0.7576731796875 1
0 0.686095728125 0.7445411390625 0.7296083859375 0.7152689875 0.725652690625 0.70656645625 0.7114121828125001 0.70656645625 0.7027096515625 0.699446203125 0.67027294375 0.6527689875 0.646538765625 0.6622626578125 0.6315071203125 0.6788765828125 0.6330893984375 0.6931170890624999 0.6599881328125 0.7390031640625001 0.6615704109375 0.7516613921874999 0.686095728125 0.7445411390625
0 0.7834058546875 0.7358386078125 0.7849881328125 0.71843354375 0.777076740625 0.7121044296875001 0.780241296875 0.6962816453125 0.7707476265625 0.688370253125 0.7660007906249999 0.6488132906249999 0.788152690625 0.6108386078125 0.78419699375 0.6037183546875 0.77312104375 0.6037183546875 0.72723496875 0.6132120249999999 0.6797666140625 0.6321993671875 0.678975475 0.6377373421874999 0.7185324359375 0.6646360765624999 0.7707476265625 0.85450949375 0.77865901875 0.8592563296875 0.7944818031249999 0.8909018984374999 0.803975475 0.895648734375 0.8134691453125 0.8592563296875 0.80714003125 0.8450158234374999 0.8134691453125 0.8323575953125001 0.805557753125 0.824446203125 0.808722309375 0.811787975 0.7992286390625 0.8038765828125001 0.803975475 0.788053796875 0.7928995249999999 0.7801424046875 0.7960640828125001 0.7643196203125 0.7865704109375 0.7532436703125 0.791317246875 0.74375 0.7834058546875 0.7358386078125
0 1 0.8579305921875001 0.802393196875 0.5016613921874999 0.79527294375 0.4929588609375 0.7794501578124999 0.49454113906249997 0.7596716765625 0.5111550640625 0.7580893984375 0.5301424046875 0.78973496875 0.5728639234375 0.8118868671874999 0.631408228125 1 0.9673245359374999 1 0.8579305921875001