0 0.40764559375 0 0.43713902656250003 0.12411819375 0.4453898515625 0.13731951250000002 0.45859117187500004 0.2033261140625 0.442089521875 0.22477825937499998 0.450340346875 0.241279909375 0.5138716999999999 0.23550433124999998 0.5296875 0.22420733125 0.5296875 0.2008388328125 0.5270730203125 0.195900371875 0.5047957921874999 0.1868244640625 0.46476197812500003 0 0.40764559375 0
0 0.5296875 0.51875 0.5296875 0.48634423125000004 0.1970400171875 0.45662644375 0.16568688125 0.45827660937500003 0.1549608078125 0.4739531765625 0.15331064375 0.49705548750000006 0.1706373765625 0.5127320546874999 0.2396556875 0.51875 0.5296875 0.51875
0 0.3331786296875 0.4409498765625 0.34637995 0.417847565625 0.3513304453125 0.3798937703125 0.37443275625 0.3650422859375 0.360406353125 0.34606538750000004 0.3175020625 0.3328640671875 0.2919245046875 0.3386396453125 0.305125825 0.36999278125 0.290274340625 0.426098390625 0.294399753125 0.4368244640625 0.3084261546875 0.442600040625 0.3331786296875 0.4409498765625
0 0.31997731093750004 0.0944152234375 0.3331786296875 0.061411921875 0.3331786296875 0.0251082921875 0.3175020625 0.025933374999999998 0.3059509078125 0.040784859374999996 0.2811984328125 0.025933374999999998 0.23994430625000002 0.0209828796875 0.2308684 0.0350092828125 0.2308684 0.0630620875 0.2877990921875 0.07873865468749999 0.2960499171875 0.073788159375 0.3100763203125 0.09936571718750001 0.31997731093750004 0.0944152234375
0 0.16510416562500002 0.51875 0 0.353645834375 0 0.4318412875 0.08726783906249999 0.51875 0.16510416562500002 0.51875
0 0.5296875 0.51875 0.8565021515625 0.51875 0.859549825 0.447033228125 0.8420673078125 0.3584256328125 0.8175917828125 0.3141218359375 0.6847246499999999 0.27614715156249997 0.62878059375 0.3267800640625 0.5296875 0.281937303125 0.5296875 0.51875
0 0.3833632421875 0.51875 0.36811571718749997 0.5822813531250001 0.3450134078125 0.6449876234375 0.2509540015625 0.988221946875 0.2402279296875 0.9972978546875 0.215475453125 0.9989480203125 0.2147040015625 1 0.3358240515625 1 0.3400629125 0.9915222765625 0.36151505781250004 0.8776608906250001 0.3763665421875 0.8397070953125001 0.3862675328125 0.7819513203125 0.45545187968749995 0.51875 0.3833632421875 0.51875
0 0.22537644375000002 0.9048886140625001 0.24600350624999998 0.8710602312500001 0.25425433124999997 0.819905115625 0.24187809374999997 0.7893770625000001 0.20887479375 0.7943275578125 0.19237314375 0.8108292078125 0.16762066874999998 0.799278053125 0.09006291250000001 0.7844265671875 0.063660271875 0.7844265671875 0.0578846953125 0.7902021453125 0.0496338703125 0.8281559406250001 0.055409446875000004 0.8471328390625 0.1032642328125 0.8520833328125 0.13626753281249998 0.8652846531249999 0.18412231875 0.8718853140625 0.2096998765625 0.9057136968750001 0.22537644375000002 0.9048886140625001
0 0.8593542109375001 0.51875 1 0.6510659703125 1 0.5744599234375001 0.939697934375 0.51875 0.8593542109375001 0.51875
0 0.6374464171875001 0.51875 0.7159292484375 0.693028053125 0.8363912953125 0.937252475 0.839691625 0.9521039609375 0.824840140625 0.96530528125 0.823189975 0.9785066 0.8363912953125 0.9933580859374999 0.8603186875000001 0.9925330031249999 0.9065233078125001 0.9710808578125001 0.9188995468750001 0.9570544546875001 0.9188995468750001 0.937252475 0.9114738031249999 0.9281765671875 0.8916718234375001 0.926526403125 0.8825959156250001 0.9174504953125 0.6962872734375 0.51875 0.6374464171875001 0.51875
0 0.5296875 0.773135246875 0.5797906359375 0.8159653468750001 0.587216378125 0.8250412546874999 0.5806157171875 0.8464934 0.59711736875 0.8596947187499999 0.6144441 0.8572194718749999 0.6548731437499999 0.8167904296875002 0.66312396875 0.80193894375 0.6581734734375 0.7804867984375 0.6391965765625 0.774711221875 0.622694925 0.78131188125 0.5296875 0.6994653468750001 0.5296875 0.773135246875
0 0.5296875 0.8814592171875001 0.5533879953125 0.901773928125 0.5649391500000001 0.9050742578125 0.573189975 0.918275578125 0.5847411296875 0.9199257421875 0.6185695124999999 0.947153465625 0.6268203390625 0.9636551156250001 0.6235200078124999 0.9834570953124999 0.628470503125 0.9983085812500001 0.64249690625 0.9958333328125001 0.681275784375 0.9488036296875 0.7010777640625 0.9158003296875 0.7010777640625 0.902599009375 0.6870513609375 0.898473596875 0.6457972359374999 0.9034240921875 0.5682394796875 0.848968646875 0.558338490625 0.8357673265625 0.5484375 0.8341171609375 0.540186675 0.8209158421874999 0.5296875 0.818291046875 0.5296875 0.8814592171875001