0 0.20526695468749998 0 0.22093253906250002 0.0095734125 0.239980159375 0.031795634375 0.25585317500000004 0.0365575390625 0.26378968281250004 0.0476686515625 0.2764880953125 0.049255953125 0.284424603125 0.0635416671875 0.2955357140625 0.061954365624999994 0.303472221875 0.07782738125000001 0.31617063437500004 0.07624007968749999 0.322519840625 0.09052579375 0.3383928578125 0.09052579375 0.3431547625 0.10322420624999999 0.35 0.102246315625 0.35 0.02336309375 0.3479166671875 0.020684523437499998 0.3383928578125 0.020684523437499998 0.32569444375 0.0079861109375 0.3114087296875 0.0079861109375 0.29877953125 0 0.20526695468749998 0
0 0.35 0.15243055625 0.3431547625 0.15243055625 0.333630953125 0.13973214218750002 0.3209325390625 0.13973214218750002 0.3145833328125 0.1302083328125 0.30029761875 0.12862103125 0.2923611109375 0.119097221875 0.278075396875 0.1175099203125 0.2669642859375 0.10639880937499999 0.252678571875 0.10639880937499999 0.18125 0.068303571875 0.1518849203125 0.0833829359375 0.1614087296875 0.094494046875 0.1606150796875 0.1175099203125 0.228869046875 0.1603670640625 0.24315476249999998 0.161954365625 0.24950396874999997 0.1730654765625 0.265376984375 0.174652778125 0.2701388890625 0.18576388906250002 0.284424603125 0.18576388906250002 0.2923611109375 0.1984623015625 0.3050595234375 0.196875 0.3145833328125 0.2095734125 0.32569444375 0.2079861109375 0.33680555624999997 0.22068452343749997 0.34950396875 0.22068452343749997 0.35 0.2212632265625 0.35 0.15243055625
0 0 0.28792989375 0.012996031250000002 0.2857638890625 0.0542658734375 0.2571924609375 0.0669642859375 0.2635416671875 0.0860119046875 0.26195436562499996 0.0923611109375 0.2730654765625 0.109821428125 0.268303571875 0.11775793593749999 0.27782738125 0.1304563484375 0.2730654765625 0.1447420640625 0.2825892859375 0.159027778125 0.27941468281250004 0.16855158750000002 0.29052579375 0.1796626984375 0.2825892859375 0.1955357140625 0.293700396875 0.20664682499999998 0.2889384921875 0.2193452375 0.300049603125 0.23363095312499998 0.2952876984375 0.3042658734375 0.311954365625 0.32410714218750003 0.3079861109375 0.33759920625 0.294494046875 0.3145833328125 0.26195436562499996 0.24315476249999998 0.24131944375 0.228869046875 0.244494046875 0.2193452375 0.23655753906250002 0.1987103171875 0.23814484062500002 0.1923611109375 0.22862103125000002 0.178075396875 0.2333829359375 0.16696428593749998 0.2238591265625 0.152678571875 0.22862103125000002 0.1415674609375 0.2175099203125 0.128869046875 0.2238591265625 0.116170634375 0.21116071406249998 0.10029761875000001 0.2175099203125 0.090773809375 0.206398809375 0.07807539687500001 0.21116071406249998 0.050297618749999995 0.194494046875 0.0272817453125 0.15243055625 0.0137896828125 0.15322420625 0 0.206412984375 0 0.28792989375
0 0.297141290625 0.56875 0.3010912703125 0.5643353171875 0.3201388890625 0.531001984375 0.31696428593750003 0.5119543656250001 0.24315476249999998 0.5079861109375 0.2264880953125 0.49608134843749996 0.2296626984375 0.48814484062499996 0.21378968281250002 0.48020833281249997 0.21140872968750002 0.4698908734375 0.196329365625 0.46592261874999996 0.1923611109375 0.45401785781250004 0.1796626984375 0.45084325468750003 0.17013888906250002 0.43655753906249994 0.07490079375 0.3698908734375 0.04950396875 0.355605159375 0.0320436515625 0.36036706406249996 0.03125 0.399255953125 0.07728174531250001 0.43893849218750003 0.08125 0.44925595312500005 0.0939484125 0.45243055625000006 0.1050595234375 0.46830357187500005 0.11299603124999999 0.4667162703125 0.11934523749999999 0.481001984375 0.133630953125 0.481001984375 0.1415674609375 0.496875 0.156646825 0.50243055625 0.1606150796875 0.5143353171875 0.17569444375 0.518303571875 0.1764880953125 0.5286210312499999 0.190773809375 0.5302083328125 0.1987103171875 0.5460813484375 0.21537698437500002 0.55322420625 0.21692956406250002 0.56875 0.297141290625 0.56875
0 1 0.32016315781250004 0.964012896875 0.288045634375 0.9544890875 0.2864583328125 0.94813988125 0.275347221875 0.93544146875 0.27217261875 0.9290922625 0.2578869046875 0.9156001984375 0.2539186515625 0.91163194375 0.24201388906250001 0.8965525796874999 0.23487103125000003 0.8870287703125002 0.21582341249999998 0.8854414687500001 0.180902778125 0.87353670625 0.178521825 0.8092509921875 0.2602678578125 0.8656001984374999 0.262648809375 0.9814732140625001 0.3658234125 1 0.3795171234375 1 0.32016315781250004
0 0.49813988125 0.3634424609375 0.47909226250000003 0.31899801562499996 0.5441716265625 0.15550595312499998 0.5529017859375001 0.0832837296875 0.520362103125 0.10947420625 0.5187748015625 0.12058531718750001 0.507663690625 0.1301091265625 0.439409721875 0.3015376984375 0.388616071875 0.3237599203125 0.43226686562500005 0.3483630953125 0.49337797656250004 0.368204365625 0.49813988125 0.3634424609375
0 0.9185922921875 0.56875 0.6513144843750001 0.46264880937499997 0.639409721875 0.45074404687499997 0.6370287703124999 0.43407738125 0.61163194375 0.43249007968750003 0.591790675 0.45868055625000004 0.58544146875 0.4983630953125 0.595758928125 0.5102678578125001 0.6179811515625 0.4991567453125 0.7290922625 0.5515376984375 0.7718504234375 0.56875 0.9185922921875 0.56875
0 1 0.09594064531249999 0.670362103125 0.15947420625 0.6560763890625 0.14518849218750002 0.641790675 0.143601190625 0.6298859125 0.15550595312499998 0.6282986109375 0.1761408734375 0.639409721875 0.2110615078125 0.6568700390625001 0.22375992031249997 0.6782986109375 0.2023313484375 0.87353670625 0.178521825 1 0.15302519375 1 0.09594064531249999
0 0.2776041671875 0.56875 0.2712549609375 0.571924603125 0.2093501984375 0.8227182546874999 0.1839533734375 0.93700396875 0.1839533734375 0.959226190625 0.1776041671875 0.965575396875 0.16927563437499998 1 0.24263044687500002 1 0.2601438484375 0.9131944437499999 0.31728670625 0.710019840625 0.336334325 0.6100198406249999 0.3332773 0.56875 0.2776041671875 0.56875
0 0.11986971718749999 0.56875 0 0.674224278125 0 0.76138924375 0.0117311515625 0.75049603125 0.0228422625 0.747321428125 0.089508928125 0.68700396875 0.18315972187500001 0.61875 0.24030257812500003 0.56875 0.11986971718749999 0.56875
0 0.1254421515625 0.56875 0.0688740078125 0.6108134921875 0.0434771828125 0.640972221875 0 0.6773890078125 0 0.7654348546875 0.18315972187500001 0.6171626984375 0.23686755937499998 0.56875 0.1254421515625 0.56875
0 1 0.8912610875 0.99618055625 0.8887896828125001 0.8945932546875 0.87450396875 0.8723710312499999 0.847519840625 0.8485615078125001 0.841170634375 0.8271329359374999 0.8673611109374999 0.816021825 0.9165674609375 0.8176091265625001 0.9403769843750001 0.8477678578125001 0.9546626984375 0.866021825 0.9522817453125001 0.881894840625 0.934821428125 0.9628472218749999 0.953869046875 1 0.9523210140625 1 0.8912610875
0 1 1 1 0.9546192953125001 0.9850694437499999 0.9602182546875 0.881894840625 0.9618055562500001 0.8707837296874998 0.9665674609374999 0.8390376984374999 0.958630953125 0.8184027781250001 0.9411706343749999 0.799355159375 0.93799603125 0.787450396875 0.9610119046874999 0.78615079375 1 1 1