0 0.4296875 0.3033545390625 0.3846057046875 0.3117030203125 0.379572146875 0.348615771875 0.3762164421875 0.3117030203125 0.366149328125 0.3167365765625 0.3560822140625 0.3117030203125 0.3367869125 0.32260906093749997 0.34685402656250003 0.3343540265625 0.3351090609375 0.33603187968750003 0.33427013437499997 0.3637164421875 0.3485318796875 0.3628775171875 0.34182047031249996 0.3561661078125 0.3460151 0.34693791875 0.3544043625 0.3637164421875 0.3627936234375 0.353649328125 0.374538590625 0.35700503281249996 0.3980285234375 0.3502936234375 0.40641778593750005 0.35532718124999996 0.41480704687500003 0.34693791875 0.4296875 0.3462293265625 0.4296875 0.3033545390625
0 0 0.413429809375 0.0339345640625 0.4190855703125 0.040645973437499996 0.41405201406250003 0.075880871875 0.41405201406250003 0.08259228125 0.4190855703125 0.1228607375 0.41405201406250003 0.13628355781249998 0.4190855703125 0.1480285234375 0.40901845625 0.16145134218749999 0.4123741609375 0.173196309375 0.402307046875 0.1882969796875 0.4006291953125 0.1975251671875 0.3880453015625 0.14970637656250002 0.3653942953125 0.1262164421875 0.362038590625 0.08259228125 0.3637164421875 0.07252516718749999 0.35868288593750003 0.059102348437499994 0.3637164421875 0.0456795296875 0.35868288593750003 0.0339345640625 0.3637164421875 0.023867450000000002 0.35700503281249996 0.008766778125 0.3637164421875 0.00037751718749999997 0.35700503281249996 0 0.3570319984375 0 0.413429809375
0 0.4296875 0.30163590625 0.4047399328125 0.30163590625 0.39299496718750004 0.3100251671875 0.3778942953125 0.3049916109375 0.36950503281249997 0.313380871875 0.3544043625 0.308347315625 0.34098154375 0.3184144296875 0.33259228125 0.313380871875 0.3158137578125 0.3234479859375 0.30574664375 0.3184144296875 0.2956795296875 0.32848154375 0.280578859375 0.3234479859375 0.2705117453125 0.3335151 0.2570889265625 0.32848154375 0.24534395937500003 0.340226509375 0.231921140625 0.3368708046875 0.22353187968750002 0.3519714765625 0.21178691249999998 0.3502936234375 0.19836409375 0.36875 0.1841023484375 0.3746224828125 0.205075503125 0.3855285234375 0.21849832187499998 0.38049496718750003 0.2327600671875 0.3880453015625 0.3174916109375 0.36875 0.3292365765625 0.3721057046875 0.33594798593749997 0.3653942953125 0.3544043625 0.36875 0.3644714765625 0.36036073750000003 0.39131711406249997 0.353649328125 0.40641778593750005 0.35700503281249996 0.41480704687500003 0.348615771875 0.4296875 0.34755288125 0.4296875 0.30163590625
0 0.67109375 0.1796875 0.0453125 0.0484375
0 0.8640625 0.13046875 0.034375 0.05390625
0 0.5546875 0.39453125 0.0359375 0.04453125
0 0.7453125 0.46171875 0.034375 0.0359375
0 0.53828125 0.20625 0.03359375 0.04140625
0 0.4296875 0.8524538578125 0.40130033593750003 0.8240666953125 0.3610318796875 0.7703754187499999 0.3434144296875 0.762825084375 0.3140520140625 0.790509646875 0.3140520140625 0.8005767625000001 0.40633389218750005 0.8945364937499999 0.3945889265625 0.9331270968750001 0.40885067187499996 0.9473888421875 0.42479026875 0.9465499156250001 0.4296875 0.9449175046875 0.4296875 0.8524538578125
0 0.4296875 0.7076893046875 0.47323825468749997 0.686828859375 0.6359899328124999 0.5995805375 0.66115771875 0.592869128125 0.6703859062499999 0.5853187921874999 0.6636744968749999 0.5584731546875 0.6494127515624999 0.5425335578125 0.62592281875 0.5458892625 0.4296875 0.640425984375 0.4296875 0.7076893046875
0 1 0.8099641421874999 0.7366610734375 0.6901845640625 0.7274328859375 0.6809563765625001 0.7291107375 0.660822146875 0.7165268453125 0.6532718125 0.699748321875 0.6549496640625 0.677097315625 0.6843120812500001 0.6636744968749999 0.7212248328124999 0.6653523484375 0.7413590609374999 0.6762583890625 0.7505872484375 0.713171140625 0.73884228125 1 0.8720290578125001 1 0.8099641421874999
0 0.798185578125 1 0.7995805375 0.9880033562499999 0.7962248328125 0.9712248328124999 0.80461409375 0.96115771875 0.7995805375 0.954446309375 0.8062919468749999 0.9091442953125 0.80461409375 0.84538590625 0.8398489937499999 0.811828859375 0.8398489937499999 0.8034395968750001 0.8171979859375 0.794211409375 0.7534395968750001 0.7908557046875 0.7282718125000001 0.794211409375 0.722399328125 0.8034395968750001 0.7584731546875 0.816023490625 0.7626677859375001 0.8286073828125 0.7559563765625 0.8839765093749999 0.7475671140625 0.8973993281249999 0.7542785234375 0.9125 0.7475671140625 0.9208892625 0.752600671875 0.9393456375 0.7458892625 0.9477349 0.752600671875 0.96115771875 0.7458892625 0.9695469796874999 0.75092281875 0.9796140937499999 0.74865771875 1 0.798185578125 1
0 0.896057046875 0.8932046984374999 0.8457214765625001 0.8546140937500001 0.8180369125 0.878942953125 0.8146812078125001 0.8890100671875001 0.8633389265625 0.9343120812500001 0.8650167781250001 0.9510906046875001 0.8717281875000001 0.9561241609375 0.898573825 0.932634228125 0.9254194625000001 0.8957214765625 0.896057046875 0.8932046984374999