0 0.03434045625 0 0.030306207812500003 0.01143036875 0.0529572140625 0.042470637500000005 0.1192323828125 0.0483431203125 0.14523909375 0.047504195312500004 0.1771182890625 0.02904781875 0.205641778125 0.022336409374999998 0.21654781875 0.004718959375 0.2168848875 0 0.03434045625 0
0 0 0.1269259109375 0.02023909375 0.1490142625 0.04708473125 0.18928271875 0.09154781875 0.22367869062499998 0.151950503125 0.2924706375 0.1678901 0.2983431203125 0.2115142625 0.268141778125 0.20815855781249998 0.24968540312499998 0.048762584375 0.0567323828125 0 0.0079697984375 0 0.1269259109375
0 0 0.33276829375 0.1779572140625 0.410759228125 0.19809144218750002 0.362101509375 0.19809144218750002 0.34196728125 0.1888632546875 0.334416946875 0 0.24240664375 0 0.33276829375
0 0.2750089046875 0.4890625 0.274433725 0.4585780203125 0.16033976562500002 0.4183095640625 0.1234270140625 0.41327600625 0 0.3774201140625 0 0.45729950468749997 0.1131128234375 0.4890625 0.2750089046875 0.4890625
0 0.836122690625 0.4890625 0.8368255703124999 0.4850696515625 0.8393724859375 0.480004096875 0.8441982234375001 0.47762030624999996 0.85224111875 0.48417572968749994 0.856798759375 0.48417572968749994 0.8632330765624999 0.47940815 0.8644395109375 0.4731507 0.862562834375 0.469575015625 0.86095425625 0.45646416875 0.8523751671875001 0.42428299999999997 0.8447344171875001 0.40610660000000004 0.840444871875 0.4096822859375 0.837629859375 0.4171316296875 0.8341446046875 0.4445452171875 0.830391253125 0.4552722734375 0.826503853125 0.46272161875 0.8208738265625 0.46689325156250006 0.8187290546874999 0.47464056875000005 0.8133671249999999 0.4758324640625 0.8101499671875001 0.48655952031250005 0.8061285187499999 0.48596357343749996 0.8049804343750001 0.4890625 0.836122690625 0.4890625
0 0.8362893765624999 0.0720779953125 0.8373617624999999 0.0887645265625 0.8403108250000001 0.0982996875 0.8403108250000001 0.10902674375000002 0.8435279828125001 0.11796595624999999 0.8437960796875 0.1286930125 0.8470132375 0.1352484359375 0.8483537203125 0.1459754921875 0.855860421875 0.16862149843750002 0.8633671249999999 0.20676214218750003 0.8639033171874999 0.2252365171875 0.8622947390625001 0.248478471875 0.864975703125 0.2502663140625 0.86859500625 0.2428169703125 0.8819998328124999 0.22970612343750002 0.898219671875 0.2013986140625 0.8956727546875 0.1963330609375 0.8838765078125 0.1897776375 0.8756995640625 0.1733890796875 0.85425184375 0.0971077921875 0.8412491624999999 0.067012440625 0.8396405828125 0.064032703125 0.8383001 0.06462865 0.8368255703124999 0.0667144671875 0.8362893765624999 0.0720779953125
0 1 0.0549390890625 0.9970132375 0.0550934890625 0.99165130625 0.058669175 0.9865574734375 0.058669175 0.98012315625 0.0634367546875 0.97918481875 0.0673104140625 0.9799891078125 0.0804212609375 0.9874958109375 0.0971077921875 0.9899086796875001 0.1084307953125 0.9931258375 0.213317565625 0.9950025140625 0.221064884375 0.9966110921875 0.23894331093750001 0.99982825 0.2502663140625 1 0.2500372453125 1 0.0549390890625
0 0.0270134234375 0.7202390937500001 0.058892617187499996 0.7269505031250001 0.2686241609375 0.815876678125 0.33741610781250003 0.8343330531250001 0.5924496640625 0.9282927859375001 0.598322146875 0.932487415625 0.5966442953125 0.9542994968750002 0.6041946312500001 0.9618498328125 0.62181208125 0.9626887578125001 0.6385906046875001 0.9492659390625 0.6587248328124999 0.8955746640625 0.6587248328124999 0.8771182890624999 0.6478187921874999 0.8645343953125 0.6343959734375 0.8628565437500001 0.6192953015625 0.8779572140624999 0.5857382546875 0.869567953125 0.05050335625 0.6648699671875 0.0320469796875 0.6648699671875 0.0161073828125 0.6841652687499999 0.012751678124999999 0.7093330531250001 0.0270134234375 0.7202390937500001
0 0.66875 0.7639802703124999 0.278691275 0.686682046875 0.2552013421875 0.6850041953125 0.2459731546875 0.70262164375 0.24093959687500002 0.731145134375 0.2619127515625 0.7454068796875 0.66875 0.8237777953125001 0.66875 0.7639802703124999
0 0.2454334453125 1 0.28288590625 0.9190645968750001 0.307214765625 0.8796350671875001 0.3315436234375 0.8737625843749999 0.3332214765625 0.8502726515625 0.31560402656250003 0.8326552015625 0.2635906046875 0.8125209734375 0.2459731546875 0.8217491609375 0.24765100625 0.8704068796875 0.1856892953125 1 0.2454334453125 1
0 0.1699161078125 1 0.17046979843750001 0.9979236578125 0.16711409375 0.9828229859375 0.1880872484375 0.97862835625 0.19395973125 0.9643666109375001 0.1612416109375 0.9450713093750001 0.11761744999999998 0.9383599 0.11342281875 0.9509437921874999 0.12181208125000001 0.9694001671875 0.11253940468750001 1 0.1699161078125 1
0 0.66875 0.8917143453125 0.6934039421875 0.9439807046875 0.709343540625 0.9632760062500001 0.7252831375 0.9657927859375001 0.7512898484375 0.9062290265625 0.7781354859375 0.8978397656249999 0.8150482374999999 0.870994128125 0.8267932046875 0.8760276843749999 0.8318267625000001 0.8609270140625 0.8418938765625 0.857571309375 0.8502831375 0.8626048656249999 0.8586724 0.8458263421875 0.8754509234375 0.849182046875 0.8821623328125 0.830725671875 0.8972630031250001 0.8357592281249999 0.9039744125 0.8173028531250001 0.919075084375 0.8189807046875 0.9895448828125 0.77535654375 0.99709521875 0.73928271875 0.9610213921874999 0.7250209734374999 0.9073301171875 0.7569001671875 0.8754509234375 0.7652894296875 0.8402160234375 0.7938129187499999 0.8284710578125001 0.7904572140624999 0.8184039421874999 0.8038800328125 0.8049811234375 0.8038800328125 0.7965918625 0.8173028531250001 0.7814911906249999 0.8173028531250001 0.7714240765625 0.830725671875 0.7580012578125 0.830725671875 0.74793414375 0.8458263421875 0.7328334734374999 0.8458263421875 0.72108850625 0.8542156046875 0.66875 0.8421374875 0.66875 0.8917143453125
0 0.8448318171875 1 0.8486052859375001 0.9800545296875001 0.9777999156250001 0.95824245 0.9836724 0.9372692953125 0.9752831375 0.9053901 0.9543099828124999 0.8961619125 0.8335046140625 0.9196518453125 0.816726090625 0.8928062078125001 0.7999475671875 0.8928062078125001 0.7865247484375 0.9011954703124999 0.7789744125 0.912101509375 0.7789744125 0.9523699671875001 0.787363675 0.9943162749999999 0.7896792671874999 1 0.8448318171875 1