0 0 0.3387906515625 0.0863854515625 0.437798634375 0.119661903125 0.4744880546875 0.13587350625 0.478754265625 0.1614707765625 0.45315699687500005 0.156351321875 0.43267918125 0 0.25351264375000004 0 0.3387906515625
0 0 0.55 0.2165049046875 0.55 0.21693152656249998 0.5495733781250001 0.2339963734375 0.54786689375 0.2587404015625 0.533361775 0.2493547359375 0.523976109375 0.227170434375 0.520563140625 0.220344496875 0.5120307171875 0.204986134375 0.5137372015625 0.19474722656250001 0.505204778125 0.18109535000000002 0.5120307171875 0.1674434734375 0.505204778125 0.1503786265625 0.5120307171875 0.14184620312500001 0.505204778125 0.1350202640625 0.5120307171875 0.11795541875 0.5069112625 0.097477603125 0.5120307171875 0.0906516640625 0.5069112625 0.082119240625 0.5137372015625 0.063347909375 0.5086177468749999 0.0479895484375 0.5154436859375 0.039457124999999996 0.5086177468749999 0.0343376703125 0.5137372015625 0 0.5150089671875 0 0.55
0 0.3035356234375 0.55 0.3252933015625 0.5282423203125 0.316760878125 0.49923208125 0.1205151453125 0.2449658703125 0.047136304687500005 0.139163821875 0 0.0829310375 0 0.1771431140625 0.28060363593750004 0.55 0.3035356234375 0.55
0 0.47751948750000006 0.55 0.47717043437499995 0.5487201359375 0.4447472265625 0.4736348125 0.4353615609375 0.46595563125000006 0.42768238125 0.47022184375 0.42085644218749996 0.5009385671875 0.406351321875 0.520563140625 0.37734108437499997 0.523976109375 0.367102175 0.5342150171875 0.3551567828125 0.5308020484375 0.34150490625 0.544453925 0.3295595140625 0.5393344703125 0.3094832234375 0.55 0.47751948750000006 0.55
0 0.278489925 0 0.365395690625 0.080290103125 0.5514025171875 0.240699659375 0.57614654375 0.2654436859375 0.5659076359374999 0.2808020484375 0.5701738484375001 0.29701365156250004 0.5983308453125 0.30127986406249996 0.65 0.24794396093749999 0.65 0.2228189 0.6435526874999999 0.21339590468749997 0.6333137796874999 0.21168942031250002 0.619661903125 0.22192832812500002 0.6077165109375 0.2185153578125 0.3683901671875 0 0.278489925 0
0 0.49167555468749996 0.3157849828125 0.5061806734375 0.3268771328125 0.5061806734375 0.2893344703125 0.49167555468749996 0.240699659375 0.4797301625 0.262883959375 0.4200032 0.27141638281249997 0.407204565625 0.2790955625 0.41232401875 0.316638225 0.4259758953125 0.3285836171875 0.4797301625 0.3157849828125 0.49167555468749996 0.3157849828125
0 0.8141124625 0 0.79357401875 0.21884065625 0.7662702640625 0.232492534375 0.7662702640625 0.24785089531249999 0.7790689000000001 0.262356015625 0.85330098125 0.2683287109375 0.8626866468750001 0.265768984375 0.873778796875 0.24785089531249999 0.8695125859375 0.2350522609375 0.8498880124999999 0.22737307968749998 0.8498880124999999 0.217134171875 0.8713550859375001 0 0.8141124625 0
0 0.16262937187499998 0.55 0.5857348546875001 0.725602603125 0.600239975 0.7264558453125 0.620717790625 0.6940326359375 0.609625640625 0.672701578125 0.313541396875 0.55 0.16262937187499998 0.55
0 0 0.55 0 0.5983290140624999 0.0072365609375 0.6010292234375 0.0388065265625 0.60358895 0.026861134375 0.5899370734375 0.02515465 0.576285196875 0.0341667171875 0.55 0 0.55
0 0 1 0.09760718125 1 0.51064953125 0.90990294375 0.52174168125 0.9022237624999999 0.520035196875 0.8646811 0.5089430453125 0.851882465625 0.471400384375 0.8552954343750001 0 0.9593901562500001 0 1
0 0.08232188593749999 0.8450565265625001 0.14290209062499998 0.8203125 0.13010345625 0.77509065625 0.0669635234375 0.7904490187500001 0.0371000421875 0.7844763218749999 0.0558713734375 0.8612681312499999 0.064403796875 0.8680940703125 0.064403796875 0.8527357078125 0.072082978125 0.8416435578125 0.08232188593749999 0.8450565265625001
0 0.735892171875 0.55 0.7450191984375 0.563038609375 0.758671075 0.56474509375 0.7654970140625 0.581809940625 0.780855375 0.583516425 0.7893877984375 0.600581271875 0.8047461609375001 0.6057007249999999 0.8695925765625001 0.6586017484375 0.90798848125 0.6611614765625 0.9165209046874999 0.6543355375 0.91140145 0.6202058453125 0.8320499140625 0.5545061859375 0.829182340625 0.55 0.735892171875 0.55
0 0.65 0.8792822093750001 0.6545755125 0.883857721875 0.723688140625 0.89665635625 0.797920221875 0.8582604515625001 0.8183980375000001 0.8582604515625001 0.8252239765624999 0.844608575 0.842288821875 0.8463150593750001 0.8491147609375 0.8326631828125001 0.8644731234374999 0.8343696671874999 0.8712990609375 0.8190113046875 0.8866574234375 0.8207177906249999 0.8986028156250001 0.8053594281249999 0.9242000859375 0.7985334890625 0.9847802906249999 0.81474509375 0.986486775 0.7806154015625 0.9608895046875 0.7260078921875 0.9310260234375001 0.6824925343749999 0.9096949656250001 0.6799328078125 0.9045755124999999 0.71064953125 0.887510665625 0.7430727390625 0.8644731234374999 0.7507519203124999 0.8593536687500001 0.764403796875 0.838875853125 0.7661102812499999 0.8303434296875001 0.78146864375 0.816691553125 0.7780556734375 0.803039675 0.7951205203124999 0.7910942828125 0.7968270046875 0.760377559375 0.8190113046875 0.7194219281249999 0.8309566984375 0.65 0.8742433125 0.65 0.8792822093750001
0 1 0.8993593734375 0.9771011093749999 0.8923901453124999 0.9634492328125 0.8753252984375 0.9480908703125 0.8753252984375 0.9216403578125 0.833516425 0.928466296875 0.8062126703124999 0.9148144203124999 0.8079191546875 0.849968003125 0.9290795656249999 0.8542342156250001 0.9401717156250001 0.9122546921874999 0.924813353125 0.936145478125 0.928226321875 0.9446779015625001 0.9401717156250001 0.9566232937500001 0.9384652296875 0.9719816546875 0.9521171078125 0.9839270484375 0.9521171078125 1 0.9596850890624999 1 0.8993593734375
0 1 1 1 0.9938149156249999 0.7859748296875 0.9214003843749999 0.65 0.8874066765624999 0.65 0.962006771875 0.7636035125 1 1 1