0 0.31875 0.06634030937499999 0.3100432078125 0.0674286578125 0.29718147031250003 0.077074959375 0.2859274515625 0.07385952500000001 0.2746734328125 0.083505828125 0.261811696875 0.0818981109375 0.25216539375 0.0931521296875 0.23769594062500002 0.0915444125 0.22965735468749998 0.0995829984375 0.21679561875000003 0.0995829984375 0.20875703437499998 0.1092293 0.19750301406249998 0.10601386718750001 0.1862489953125 0.1172678859375 0.173387259375 0.11566016875 0.16534867343749998 0.1253064703125 0.14605606875 0.130129621875 0.1299788984375 0.130129621875 0.0897859734375 0.112444734375 0.0857666796875 0.13093348124999998 0.1034515671875 0.1904190109375 0.1195287375 0.21935791875000002 0.133998190625 0.2225733515625 0.155702371875 0.17996885 0.2039338828125 0.1638916796875 0.21197246718749999 0.154245378125 0.24573452499999998 0.14942222656249998 0.2585962625 0.139775925 0.31875 0.1205779234375 0.31875 0.06634030937499999
0 0.07531651875 0.554566921875 0.107470859375 0.5497437703125 0.12435188906250001 0.539293609375 0.1211364546875 0.5087469859375 0.11068629375000001 0.4934736734375 0.05923934843749999 0.506335409375 0.0479853296875 0.5159817125 0.0246734328125 0.5055315515625 0.034319734375 0.550547628125 0.0455737546875 0.5762711015625 0.0536123390625 0.5794865359375 0.07531651875 0.554566921875
0 0.31875 0.4591017984375 0.30763163125 0.4251457 0.2979853296875 0.404245378125 0.2867313109375 0.39781450937499996 0.266634846875 0.36807174374999996 0.25779240312499996 0.40102994374999995 0.264223271875 0.4171071140625 0.25779240312499996 0.4251457 0.26904642343749996 0.43479200156250003 0.264223271875 0.44604602031249996 0.27226185625 0.457300040625 0.26904642343749996 0.47337721093749996 0.2803004421875 0.4814157953125 0.275477290625 0.49427753281250003 0.2867313109375 0.5055315515625 0.2835158765625 0.5183932875 0.29476989531250003 0.5328627406249999 0.28994674374999996 0.54250904375 0.299593046875 0.5489399109375 0.2979853296875 0.5666247984375 0.30763163125 0.574663384375 0.30602391406249996 0.5875251203125 0.31875 0.6193403328125 0.31875 0.4591017984375
0 0.1894644296875 0.3021553453125 0.23206893125 0.2884897515625 0.23046121406250003 0.26919714687499996 0.21358018437499998 0.24427753281250003 0.1878567125 0.24910068281250003 0.160525521875 0.2635701359375 0.1396252015625 0.2587469859375 0.12917504062500001 0.26276627812500003 0.14364449375 0.31099778906250003 0.1573100890625 0.33109425312499996 0.1661525328125 0.3318981109375 0.1894644296875 0.3021553453125
0 0.3047042953125 0.6796875 0.19669915625 0.462123190625 0.1878567125 0.459711615625 0.1540946546875 0.47418106875 0.1532907953125 0.49427753281250003 0.2438564328125 0.6796875 0.3047042953125 0.6796875
0 0.6681328265625 0 0.5246483125 0.3407757234375 0.5150020093750001 0.3761454984375 0.5013364140625 0.3994573953125 0.48043609375 0.3994573953125 0.47320136718750005 0.40508440468750007 0.47320136718750005 0.41955385781250004 0.48525924375 0.433219453125 0.5350984734375 0.454119775 0.5551949359374999 0.453315915625 0.5648412374999999 0.44688504843750004 0.5680566718750001 0.43241559531249996 0.5487640671875 0.416338425 0.550371784375 0.4115152734375 0.7079280546875 0.048171221874999996 0.72719654375 0 0.6681328265625 0
0 0.78831390625 0.16714228281250001 0.7899216234375 0.1205184890625 0.782686896875 0.11810691250000001 0.7633942921875 0.13257636718750002 0.724809084375 0.11649919687500002 0.700693328125 0.11649919687500002 0.6870277328125 0.13820337656249998 0.6902431671875 0.15428054687499998 0.7489248390625 0.174377009375 0.7545518484375 0.19768890625 0.7641981515625 0.2057274921875 0.78831390625 0.16714228281250001
0 0.8855302328124999 0 0.8333299843749999 0.1237339234375 0.7079280546875 0.453315915625 0.6958701765624999 0.4718046625 0.6781852890625 0.4718046625 0.6661274109375 0.48064710625 0.6661274109375 0.49833199375000004 0.6797930062499999 0.5136053046875 0.72159365 0.5296824765625 0.7432978296874999 0.530486334375 0.759375 0.512801446875 0.744905546875 0.49190112499999994 0.7738444531249999 0.4034766875 0.802783359375 0.35042202499999997 0.9451859359375 0 0.8855302328124999 0
0 0.8719151921874999 0.4018689703125 0.8453878625 0.38016479062499997 0.800371784375 0.357656753125 0.7786676046875 0.39222266875 0.7690213015625 0.4356310296875 0.7842946140625 0.4525120578125 0.8108219453124998 0.4613545015625 0.8502110125 0.41231913125 0.864680465625 0.41231913125 0.8719151921874999 0.4018689703125
0 0.950693328125 0.30219051406249997 0.9458701765625002 0.289328778125 0.9555164796875001 0.28289790937500003 0.9490856109374999 0.26682073906250003 0.9555164796875001 0.25395900312499997 0.94506631875 0.216177653125 0.9378315921875 0.218589228125 0.9201467046874999 0.2523512859375 0.9105004015624999 0.2587821546875 0.8590534562500001 0.448492765625 0.81886053125 0.47903938906250004 0.82127210625 0.4846663984375 0.871111334375 0.5039590031250001 0.926577571875 0.512801446875 0.92979300625 0.5047628625 0.9056772515624999 0.46296221875 0.9137158359375 0.424377009375 0.921754421875 0.41955385781250004 0.9185389875000001 0.4034766875 0.926577571875 0.395438103125 0.9249698546874999 0.38096865 0.933008440625 0.3729300640625 0.9346161578124998 0.335952571875 0.9442624593750001 0.32630627031250004 0.9410470249999999 0.31022910000000004 0.950693328125 0.30219051406249997
0 0.948547059375 0.6796875 0.9571241968749999 0.6751808687499999 0.9000502406249999 0.6502612546875 0.8871885046875001 0.6550844046875001 0.8759344859375 0.6470458203125 0.864680465625 0.6534766875 0.8486032953125001 0.6454381031249999 0.8357415593749999 0.6502612546875 0.80358721875 0.6438303859375 0.7842946140625 0.6470458203125 0.7794714625 0.64222266875 0.7714328781249999 0.6470458203125 0.7135550640625 0.64222266875 0.6701467046875 0.6052451765625 0.6645196953125 0.60926446875 0.658885853125 0.6796875 0.948547059375 0.6796875
0 1 0.39903953593749997 0.94747789375 0.495116559375 0.9169312703125 0.5642483921875 0.8992463828125 0.58675643125 0.8992463828125 0.60444131875 0.9209505625000001 0.6229300640625001 0.933008440625 0.6237339234375 0.9426547421875 0.6173030546875 0.9748090843749999 0.5610329578125001 1 0.5154793843750001 1 0.39903953593749997
0 0.31875 1 0.3987070703125 1 0.41544105781249996 0.922868015625 0.3960644296875 0.8558184671875001 0.3611865390625 0.8231999953125 0.31875 0.819698 0.31875 1
0 0.44382238906250004 0.6796875 0.47227918593750007 0.732592559375 0.465820309375 0.8105148203124999 0.4839051828125 0.8612548906249999 0.5304090703125001 0.8811885374999999 0.5872471984375001 0.872127809375 0.6402099609375 0.8250119734375 0.654419465625 0.7452775984375 0.648267434375 0.6796875 0.44382238906250004 0.6796875