0 0.15298324531250002 0 0.1276041671875 0.044618056249999996 0.073784721875 0.11927083281249999 0.08506944375 0.14444444375 0.1154513890625 0.1609375 0.13628472187500001 0.15572916718750002 0.2290930140625 0 0.15298324531250002 0
0 1 0.1234375 0.9767361109374999 0.10017361093749999 0.9689236109374999 0.10625 0.963715278125 0.13055555624999998 0.916840278125 0.17743055624999998 0.9220486109374999 0.19305555624999998 0.9446180562500001 0.21215277812500002 0.9993055562500001 0.17135416718750002 1 0.17126513593749998 1 0.1234375
0 0.9515625 0.33888888906250003 0.9515625 0.325 0.9394097218749999 0.30763888906250003 0.9567708328125001 0.28854166718749996 0.9671875 0.259027778125 0.9654513890625 0.2451388890625 0.940277778125 0.23038194375 0.9133680562500001 0.23472222187499997 0.8977430562500001 0.26944444375 0.8977430562500001 0.29201388906250003 0.8682291671875 0.305902778125 0.8682291671875 0.3145833328125 0.8864583328125001 0.329340278125 0.9220486109374999 0.340625 0.9515625 0.33888888906250003
0 0.6324665390625 0.4296875 0.90381944375 0.1609375 0.9723958328125001 0.1010416671875 0.994965278125 0.06979166718749999 0.9888888890625 0.0498263890625 0.9645833328125001 0.0342013890625 0.9420138890625 0.04288194375 0.556737209375 0.4296875 0.6324665390625 0.4296875
0 0.5083770828125 0.4296875 0.7171875 0.19131944375 0.7189236109375 0.17916666718750002 0.6920138890625 0.15572916718750002 0.6798611109375 0.15399305624999998 0.6703125 0.16180555624999998 0.43669452499999994 0.4296875 0.5083770828125 0.4296875
0 0.41875 0 0.41875 0.2837495234375 0.462847221875 0.28072916718749996 0.4828125 0.2642361109375 0.48020833281249997 0.2546875 0.44635416718750004 0.2295138890625 0.44288194374999995 0.196527778125 0.4498263890625 0.187847221875 0.44114583281249997 0.1704861109375 0.448090278125 0.16180555624999998 0.439409721875 0.1548611109375 0.439409721875 0.14444444375 0.44635416718750004 0.1357638890625 0.4376736109375 0.1270833328125 0.44635416718750004 0.11319444375000001 0.439409721875 0.10625 0.44461805625000006 0.087152778125 0.4376736109375 0.078472221875 0.439409721875 0.036805556249999996 0.42899305625000006 0.026388889062499997 0.4342013890625 0.0125 0.4203125 0.0038194437499999997 0.4203125 0 0.41875 0
0 0.41875 0.4296875 0.40529599843749997 0.4296875 0.38900061875 0.4357982671875 0.36424814375 0.49025371250000005 0 0.5771765656250001 0 0.65492146875 0.379099628125 0.5298576734375 0.41870358906250005 0.5645111390625 0.41875 0.5645111390625 0.41875 0.4296875
0 0 0.8126082921875 0.0028620046875 0.812035890625 0.15137685625 0.8367883656250001 0.1711788359375 0.8813428218750001 0.210782796875 0.906095296875 0.255337253125 0.8862933171874999 0.280089728125 0.8417388609374999 0.2701887375 0.7575804453125 0.22563428281250003 0.737778465625 0.20088180625000002 0.737778465625 0.1711788359375 0.7773824250000001 0.1315748765625 0.7773824250000001 0 0.7540186625 0 0.8126082921875
0 0.6002105203125 0.4296875 0.7279513890625 0.7246527781250001 0.773090278125 0.8045138890625001 0.796527778125 0.8001736109375 0.8217013890625001 0.778472221875 0.8060763890625001 0.7142361109375 0.6822977421875001 0.4296875 0.6002105203125 0.4296875
0 0.46382850312499996 0.4296875 0.48142361093749997 0.4625 0.4953125 0.5006944437499999 0.5526041671875 0.5892361109375 0.6185763890625 0.715972221875 0.6203125 0.7298611109375 0.6376736109375 0.7506944437499999 0.6515625 0.7888888890625 0.72274305625 0.87743055625 0.73836805625 0.90868055625 0.7583333328125 0.9078125 0.78524305625 0.887847221875 0.7713541671874999 0.856597221875 0.773090278125 0.8270833328125 0.757465278125 0.7819444437499999 0.7001736109375 0.6986111109375 0.6828125 0.6552083328125 0.655034721875 0.6152777781250001 0.552678871875 0.4296875 0.46382850312499996 0.4296875
0 0.41875 0.5990196078125 0.42673611093749997 0.598784721875 0.576909721875 0.778472221875 0.6498263890625 0.8322916671874999 0.655034721875 0.83055555625 0.6532986109375 0.8131944437499999 0.6307291671874999 0.7663194437499999 0.4779513890625 0.5684027781250001 0.4770833328125 0.498090278125 0.41875 0.5347569437499999 0.41875 0.5990196078125
0 0.697252859375 1 0.7001736109375 0.9954861109375 0.6984375 0.9590277781250001 0.70711805625 0.946875 0.69756944375 0.9373263890625001 0.687152778125 0.9373263890625001 0.6697916671874999 0.9546875 0.655902778125 0.9529513890625001 0.41875 0.6740597234375001 0.41875 0.7868164546875 0.59352915625 1 0.697252859375 1