0 0.26678647031249997 0 0.2805879234375 0.0322033890625 0.287367584375 0.07288135625 0.29584216093750004 0.083050846875 0.29414724531249997 0.10338983125000001 0.306011653125 0.113559321875 0.302621821875 0.125423728125 0.31618114375 0.1355932203125 0.31109639843750003 0.15423728750000001 0.3246557203125 0.1644067796875 0.32126588906250003 0.1796610171875 0.333130296875 0.18813559375 0.33143538125 0.201694915625 0.3399099578125 0.20677966093750003 0.348384534375 0.2338983046875 0.3263506359375 0.301694915625 0.42889300781250006 0.2703389828125 0.463638771875 0.2474576265625 0.40601165312500004 0.21355932187499999 0.3992319921875 0.1915254234375 0.387367584375 0.1813559328125 0.3890625 0.1677966109375 0.3788930078125 0.155932203125 0.37041843281250003 0.11864406718750001 0.360248940625 0.1084745765625 0.36194385625000003 0.0915254234375 0.3500794484375 0.0847457625 0.34499470312499997 0.04237288125 0.3263506359375 0.0186440671875 0.3203579 0 0.26678647031249997 0
0 0.3138208421875 0.4390625 0.314486228125 0.43728813593750004 0.3077065671875 0.430508475 0.3094014828125 0.40847457656249997 0.30092690625 0.39661016875 0.2975370765625 0.328813559375 0.2738082625 0.21355932187499999 0.24245233124999999 0.1872881359375 0.2229608046875 0.20508474531249998 0.21957097499999997 0.2237288140625 0.229740465625 0.286440678125 0.2263506359375 0.3 0.23482521250000002 0.3084745765625 0.23143538125 0.325423728125 0.2399099578125 0.3355932203125 0.23482521250000002 0.3542372875 0.24329978749999998 0.3627118640625 0.244994703125 0.40677966093749995 0.2534692796875 0.4186440671875 0.2500794484375 0.4355932203125 0.25206189375 0.4390625 0.3138208421875 0.4390625
0 0.059804175 0 0.048384534374999996 0.1610169484375 0.014486228125 0.42033898281250004 0.0142025390625 0.4390625 0.09573710468749999 0.4390625 0.1418848140625 0 0.059804175 0
0 0.5360651296875 0 1 0.19157509687500002 1 0.13139868593749998 0.6783360171874999 0 0.5360651296875 0
0 0.46875 0.4390625 0.695270884375 0.4390625 0.9422669484374999 0.384878178125 0.9549788140625001 0.377251059375 0.9515889828125002 0.33657309375 0.9456567796875 0.328945975 0.925317796875 0.327251059375 0.46875 0.4273755765625 0.46875 0.4390625
0 0.502436440625 0.34335275468750004 0.5049788140625 0.31538665312499997 0.5168432203125 0.3204713984375 0.5787076265625 0.2958951265625 0.5643008468749999 0.24928495781249999 0.49480932187500004 0.26792902500000004 0.47362288125 0.2586069921875 0.4939618640625 0.34335275468750004 0.502436440625 0.34335275468750004
0 0.46875 0.6737363343749999 0.1110434328125 0.530005296875 0.089009534375 0.5283103812500001 0.08138241562500001 0.53932733125 0.07290783906250001 0.5715307203125001 0.0822298734375 0.5808527546875 0.46875 0.7361614453125 0.46875 0.6737363343749999
0 0.1474841109375 1 0.1474841109375 0.9291578390625 0.162738346875 0.9122086859374999 0.162738346875 0.9003442796875 0.1534163140625 0.887632415625 0.13816207656249999 0.88254766875 0.0822298734375 0.8859375 0.070365465625 0.8910222453125 0.059348517187500005 0.9071239406250001 0.059348517187500005 0.9206832625000001 0.08477224531250001 0.9359375 0.0884479625 1 0.1474841109375 1
0 0 0.9569048531250001 0.005111228125000001 0.9545815671875001 0.018670551562500002 0.9139036015625 0.027992584375 0.9011917374999999 0.0483315671875 0.8944120765625 0.050873940625 0.8850900421875 0.022907839062499998 0.8639036015624999 0 0.85711609375 0 0.9569048531250001
0 0.76663135625 0.758315678125 0.79036016875 0.7396716109374999 0.810699153125 0.7345868640625 0.81663135625 0.723569915625 0.810699153125 0.7159427968750001 0.7471398312499999 0.7032309328125 0.7386652546875 0.6693326265625 0.7284957625 0.662552965625 0.6962923734375 0.591366525 0.672563559375 0.5574682203125001 0.645444915625 0.4896716109375 0.6157838984375 0.4481461859375 0.5886652546875 0.443061440625 0.5742584749999999 0.4710275421875 0.5759533890624999 0.491366525 0.6064618640624999 0.5371292375000001 0.6386652546875 0.61848516875 0.6929025421875 0.7117055078125001 0.6895127125 0.74899364375 0.6759533890625 0.7845868640625 0.6844279656250001 0.7930614406250001 0.76663135625 0.758315678125
0 0.615932865625 0.4390625 0.645444915625 0.4862817796875 0.6827330515625001 0.521875 0.8284957625 0.7117055078125001 0.8335805078125 0.72526483125 0.8047669484375 0.7540783890625 0.810699153125 0.758315678125 0.8276483046875001 0.7498411015625 0.8522245765625 0.765942796875 0.8734110171874999 0.7634004234375 0.9556144062499999 0.6981461859375 0.9590042375 0.6761122875 0.9488347453125 0.6523834749999999 0.93612288125 0.6515360171875 0.9123940671875002 0.66848516875 0.89713983125 0.66848516875 0.7606991531249999 0.48119703437499994 0.724680921875 0.4390625 0.615932865625 0.4390625
0 0.7682504671875 0.4390625 0.7793432203125 0.45068855937499996 0.8759533890625001 0.5422139828125 0.9234110171874998 0.6032309328125 0.942055084375 0.6150953390625 0.9700211859374999 0.6040783890625 0.9979872875 0.577807203125 0.9945974578125 0.5574682203125001 0.8827698328124999 0.4390625 0.7682504671875 0.4390625