0 0.27100694375 0.4262660578125 0.424340278125 0.23259016875 0.42878472187499994 0.2306138828125 0.4348958328125 0.2395071640625 0.438784721875 0.24049530625 0.4482291671875 0.23259016875 0.451840278125 0.21430953593750002 0.4573958328125 0.202451828125 0.45461805625 0.18861783593749998 0.4454513890625 0.1723134875 0.44211805625 0.17132534531250002 0.43600694375 0.1772542 0.4282291671875 0.1762660578125 0.42100694375 0.1821949109375 0.41850694375 0.1915822625 0.42100694375 0.2098628953125 0.26156250000000003 0.40946763906249994 0.25461805625 0.42478384374999995 0.25961805625 0.433677125 0.27100694375 0.4262660578125
0 0.298784721875 0.272115859375 0.30656249999999996 0.2622344375 0.374340278125 0.13476408125 0.3898958328125 0.11598937812500001 0.3954513890625 0.1169775203125 0.401840278125 0.1105545953125 0.4079513890625 0.083874753125 0.39656250000000004 0.060653409375 0.38656250000000003 0.058677125 0.3826736109375 0.0655941203125 0.374340278125 0.0636178359375 0.3723958328125 0.067076334375 0.36961805625 0.08288661093750001 0.37350694375 0.0907917484375 0.37350694375 0.0977087453125 0.2901736109375 0.2548233703125 0.29072916718749997 0.2686573609375 0.2940625 0.2716217890625 0.298784721875 0.272115859375
0 0.30565525781249997 0 0.306284721875 0.0008708 0.3057291671875 0.009764081249999999 0.28961805625000003 0.06114747968749999 0.251284721875 0.1649024203125 0.24350694375 0.2014636859375 0.2440625 0.210356965625 0.2532291671875 0.19998147187499998 0.261840278125 0.18268898281249998 0.311284721875 0.041384634375 0.32378472187499996 0.018163290625000002 0.3282291671875 0.0231040015625 0.3373958328125 0.01371665 0.3379513890625 0.0087759390625 0.3349909734375 0 0.30565525781249997 0
0 0.23124017187499998 0 0.21350694374999998 0.0809103265625 0.21461805625000002 0.0986968875 0.22128472187499998 0.092768034375 0.2414459625 0 0.23124017187499998 0
0 0.1669978640625 0 0.1651736109375 0.0295269265625 0.1657291671875 0.050277915625 0.1679513890625 0.054230484375 0.171284721875 0.0512660578125 0.1740625 0.037432065625 0.17642470937500002 0 0.1669978640625 0
0 0.107413590625 0 0.10795138906249999 0.0334794953125 0.1107291671875 0.045337203124999996 0.1151736109375 0.041384634375 0.1157291671875 0.0364439234375 0.1155200890625 0 0.107413590625 0
0 0.0616649484375 0 0.0657291671875 0.0403964921875 0.0690625 0.054230484375 0.0723958328125 0.057194910937499996 0.0740625 0.0532423421875 0.0740625 0.032491353125 0.07092568125 0 0.0616649484375 0
0 0.012435242187499999 0 0.016284721874999998 0.0216217890625 0.018506943749999998 0.050277915625 0.026284721875 0.0739933296875 0.031284721875 0.071028903125 0.031840278124999996 0.0601593375 0.02115935625 0 0.012435242187499999 0
0 0.5296875 0.5390625 0.584921375 0.5390625 0.593005953125 0.2682291671875 0.6644345234375 0.1968005953125 0.6525297625 0.1563244046875 0.5953869046875 0.13251488125 0.5668154765625 0.13251488125 0.5525297625000001 0.1563244046875 0.5358630953125 0.153943453125 0.5334821421875 0.1277529765625 0.5296875 0.1281524125 0.5296875 0.5390625
0 0.4785602671875 1 0.43415178593750003 0.9861378203125 0.3234375 0.7233173078125 0.2841517859375 0.665625 0.2377232140625 0.67203525625 0.1984375 0.7297275640625001 0.1877232140625 0.781009615625 0.194866071875 0.8515224359375001 0.254708396875 1 0.4785602671875 1
0 0.5296875 0.5390625 0.5296875 0.652884615625 0.8902504546875001 1 1 1 1 0.8736483640625 0.949553571875 0.8974759609374999 0.57870535625 0.5390625 0.5296875 0.5390625
0 0.7943924953125 0.5390625 1 0.77653114375 1 0.6197516015625 0.9250744046874999 0.5390625 0.7943924953125 0.5390625