0 0.080735 0.366133 0.161471 0.225242
0 0.129370 0.527602 0.258740 0.044795
0 0.162647 0.316466 0.325293 0.467069
0 0.393501 0.507978 0.168036 0.084044
0 0.464245 0.150640 0.371510 0.301280
0 0.456693 0.284642 0.098976 0.087884
0 0.820025 0.134164 0.107509 0.268329
0 0.391674 0.638228 0.458088 0.176456
0 0.019403 0.576794 0.038807 0.053589
0 0.260871 0.925941 0.521742 0.148118
0 0.090001 0.821592 0.105802 0.093003
0 0.826207 0.605581 0.180629 0.111161
0 0.818243 0.788295 0.336487 0.216724
0 0.924984 0.882949 0.150032 0.153472
0 0.825000 0.943703 0.350000 0.112593
