0 0.055317 0.031118 0.110633 0.062236
0 0.062622 0.164598 0.125244 0.080990
0 0.791234 0.233401 0.103896 0.083604
0 0.813149 0.327557 0.105519 0.106331
0 0.879708 0.237459 0.092532 0.098214
0 0.667146 0.200000 0.268615 0.400000
0 0.197727 0.589448 0.108766 0.091721
0 0.170942 0.496916 0.100649 0.081981
0 0.178247 0.431615 0.105519 0.063231
0 0.636912 0.616477 0.303571 0.138799
0 0.606908 0.828734 0.139668 0.342532
0 0.677496 0.805601 0.082792 0.098214
0 0.750173 0.851461 0.130743 0.297078
0 0.890970 0.967532 0.107143 0.064935
0 0.900030 0.796341 0.199939 0.401125
